0	23	0
0	12	2
0	16	3
0	20	4
0	9	5
0	15	6
0	11	7
0	12	8
0	9	9
0	11	10
0	20	12
0	16	13
0	20	15
0	20	16
0	20	17
0	9	19
0	4	20
0	11	21
0	15	22
0	16	23
0	16	24
0	15	25
0	16	26
0	15	27
0	2	28
0	4	29
0	15	31
0	16	32
0	15	33
0	4	34
0	16	35
0	16	36
0	2	37
0	4	39
0	15	40
0	15	41
0	15	42
0	2	43
0	8	44
0	0	45
0	4	46
0	18	47
0	20	48
0	2	49
0	25	50
0	10	51
0	10	52
0	16	53
0	15	54
0	10	55
0	10	57
0	10	58
0	17	59
0	16	60
0	10	61
0	16	62
0	15	64
0	15	65
0	2	66
0	11	67
0	15	68
0	2	69
0	15	70
0	2	71
0	2	72
0	4	73
0	2	74
0	15	75
0	15	76
0	2	78
0	2	81
0	4	82
0	4	83
0	2	84
0	4	86
0	7	88
0	7	89
0	4	90
0	15	91
0	15	92
0	15	94
0	15	95
0	0	96
0	7	97
0	4	98
0	15	99
0	2	102
0	16	103
1	11	0
1	23	1
1	12	2
1	16	3
1	20	4
1	9	5
1	18	6
1	11	7
1	12	8
1	11	9
1	11	10
1	18	11
1	20	12
1	16	13
1	16	14
1	12	15
1	20	16
1	20	17
1	9	19
1	4	20
1	11	21
1	15	22
1	8	23
1	18	25
1	16	26
1	15	27
1	2	28
1	25	29
1	16	30
1	15	31
1	16	32
1	15	33
1	25	34
1	16	35
1	16	36
1	2	37
1	15	38
1	25	39
1	15	40
1	15	41
1	15	42
1	2	43
1	0	45
1	4	46
1	18	47
1	20	48
1	2	49
1	4	50
1	10	51
1	11	52
1	15	54
1	10	55
1	17	56
1	10	57
1	11	58
1	17	59
1	16	60
1	10	61
1	16	62
1	4	63
1	15	64
1	15	65
1	11	66
1	18	68
1	1	69
1	2	72
1	17	73
1	11	74
1	15	75
1	18	76
1	4	77
1	2	78
1	18	79
1	17	80
1	2	81
1	17	82
1	4	83
1	11	84
1	17	85
1	17	86
1	2	87
1	16	88
1	7	89
1	4	90
1	15	91
1	15	92
1	16	93
1	15	95
1	0	96
1	7	97
1	3	98
1	15	99
1	7	100
1	4	101
1	2	102
2	8	0
2	8	1
2	23	2
2	2	4
2	8	5
2	16	6
2	8	7
2	9	8
2	8	9
2	8	10
2	16	11
2	11	12
2	18	13
2	18	14
2	9	15
2	2	16
2	2	17
2	18	18
2	8	19
2	11	20
2	20	21
2	16	22
2	18	23
2	15	24
2	8	25
2	15	26
2	8	27
2	3	28
2	15	30
2	8	31
2	15	32
2	8	33
2	11	34
2	15	35
2	15	36
2	3	37
2	8	38
2	11	39
2	8	40
2	8	41
2	8	42
2	3	43
2	18	44
2	3	45
2	11	46
2	16	47
2	11	48
2	3	49
2	2	50
2	13	51
2	7	52
2	18	53
2	7	54
2	7	55
2	11	56
2	7	57
2	7	58
2	2	59
2	18	60
2	7	61
2	18	62
2	2	63
2	16	64
2	16	65
2	17	66
2	17	67
2	7	68
2	7	70
2	3	71
2	7	72
2	2	73
2	3	74
2	16	75
2	7	76
2	2	77
2	7	78
2	7	79
2	11	80
2	7	81
2	11	82
2	11	83
2	17	84
2	2	85
2	0	86
2	3	87
2	15	88
2	18	89
2	11	90
2	7	91
2	7	92
2	15	93
2	16	94
2	16	95
2	3	96
2	18	97
2	11	98
2	7	99
2	18	100
2	3	102
2	15	103
3	8	0
3	8	1
3	15	2
3	23	3
3	15	4
3	8	5
3	25	6
3	8	7
3	18	8
3	8	10
3	11	11
3	5	12
3	11	13
3	11	14
3	18	15
3	15	16
3	15	17
3	11	18
3	8	19
3	16	21
3	11	23
3	11	24
3	25	25
3	11	26
3	4	27
3	8	28
3	15	29
3	11	30
3	11	32
3	4	33
3	15	34
3	11	35
3	11	36
3	8	37
3	4	38
3	15	39
3	4	40
3	4	41
3	4	42
3	8	43
3	0	44
3	8	45
3	15	46
3	4	47
3	15	48
3	8	49
3	15	50
3	7	51
3	7	52
3	10	53
3	7	54
3	7	55
3	6	56
3	7	57
3	7	58
3	11	60
3	7	61
3	11	62
3	15	63
3	4	64
3	17	65
3	16	66
3	16	67
3	17	68
3	7	69
3	17	70
3	7	71
3	16	72
3	15	73
3	7	74
3	4	75
3	17	76
3	15	77
3	16	78
3	15	80
3	16	81
3	15	82
3	15	83
3	16	84
3	15	86
3	0	88
3	0	89
3	15	90
3	4	91
3	4	92
3	0	93
3	4	94
3	4	95
3	7	96
3	0	97
3	15	98
3	4	99
3	0	100
3	4	101
3	7	102
3	11	103
4	20	0
4	20	1
4	1	2
4	5	3
4	23	4
4	8	6
4	20	7
4	9	8
4	20	9
4	20	10
4	8	11
4	9	12
4	5	14
4	9	15
4	9	16
4	9	17
4	15	18
4	20	19
4	9	20
4	20	21
4	16	22
4	15	23
4	15	26
4	16	27
4	11	29
4	15	30
4	16	31
4	15	32
4	16	33
4	11	34
4	15	35
4	15	36
4	12	37
4	8	38
4	0	39
4	16	40
4	16	41
4	8	42
4	12	43
4	15	44
4	4	45
4	11	46
4	8	47
4	11	48
4	12	49
4	11	50
4	3	51
4	13	52
4	18	53
4	7	54
4	17	55
4	10	56
4	13	57
4	13	58
4	18	60
4	13	61
4	6	62
4	11	63
4	16	64
4	7	65
4	17	66
4	13	67
4	16	68
4	7	69
4	16	70
4	7	71
4	2	73
4	17	74
4	16	75
4	16	76
4	11	77
4	7	78
4	16	79
4	11	80
4	7	81
4	11	82
4	11	83
4	17	84
4	11	85
4	7	87
4	15	88
4	15	89
4	0	90
4	7	91
4	16	92
4	16	94
4	16	95
4	17	96
4	15	97
4	0	98
4	16	99
4	0	101
4	7	102
4	15	103
5	11	0
5	11	1
5	12	2
5	16	3
5	20	4
5	23	5
5	18	6
5	11	7
5	12	8
5	11	9
5	11	10
5	18	11
5	20	12
5	16	14
5	12	15
5	20	16
5	20	17
5	16	18
5	11	19
5	20	20
5	11	21
5	15	22
5	16	24
5	18	25
5	16	26
5	15	27
5	1	28
5	4	29
5	16	30
5	15	31
5	16	32
5	15	33
5	4	34
5	16	36
5	1	37
5	15	38
5	11	39
5	15	40
5	15	41
5	15	42
5	1	43
5	8	44
5	0	45
5	4	46
5	18	47
5	20	48
5	1	49
5	4	50
5	10	51
5	7	53
5	18	54
5	11	55
5	17	56
5	10	57
5	17	59
5	16	60
5	11	61
5	16	62
5	4	63
5	18	64
5	15	65
5	11	66
5	11	67
5	18	68
5	2	69
5	15	70
5	2	71
5	4	73
5	11	74
5	15	75
5	18	76
5	4	77
5	2	78
5	18	79
5	17	80
5	2	81
5	4	82
5	4	83
5	11	84
5	17	85
5	17	86
5	2	87
5	16	88
5	7	89
5	4	90
5	15	91
5	15	92
5	16	93
5	15	94
5	15	95
5	0	96
5	7	97
5	17	98
5	7	100
5	16	103
6	18	1
6	8	2
6	16	4
6	18	5
6	23	6
6	18	7
6	8	8
6	18	9
6	18	10
6	11	11
6	8	12
6	8	13
6	20	14
6	8	15
6	16	16
6	16	17
6	20	18
6	18	19
6	16	20
6	18	21
6	11	22
6	8	23
6	4	24
6	11	25
6	1	27
6	15	28
6	16	29
6	20	30
6	1	31
6	20	32
6	1	33
6	16	34
6	20	35
6	20	36
6	15	37
6	1	38
6	1	41
6	1	42
6	15	43
6	4	44
6	15	45
6	16	46
6	8	48
6	15	49
6	16	50
6	18	51
6	18	52
6	17	53
6	11	54
6	18	55
6	18	57
6	18	58
6	16	59
6	17	60
6	18	61
6	17	62
6	11	64
6	11	65
6	18	67
6	11	68
6	15	69
6	1	70
6	15	71
6	15	72
6	16	73
6	15	74
6	1	75
6	11	76
6	16	77
6	11	79
6	7	80
6	15	81
6	7	83
6	15	84
6	16	85
6	16	86
6	15	87
6	4	88
6	4	89
6	7	90
6	1	91
6	1	92
6	4	93
6	1	94
6	1	95
6	18	96
6	4	97
6	16	98
6	1	99
6	4	100
6	7	101
6	15	102
6	17	103
7	9	0
7	9	1
7	12	2
7	16	3
7	20	4
7	9	5
7	20	6
7	23	7
7	20	8
7	9	9
7	11	10
7	18	11
7	20	12
7	16	13
7	16	14
7	20	15
7	20	16
7	20	17
7	9	19
7	11	21
7	15	22
7	16	23
7	16	24
7	16	26
7	15	27
7	4	29
7	16	30
7	16	32
7	15	33
7	4	34
7	16	36
7	2	37
7	15	38
7	15	40
7	15	41
7	15	42
7	2	43
7	8	44
7	0	45
7	4	46
7	18	47
7	20	48
7	2	49
7	20	50
7	10	51
7	10	52
7	18	54
7	10	55
7	3	56
7	10	57
7	10	58
7	16	60
7	10	61
7	16	62
7	3	63
7	15	64
7	15	65
7	2	66
7	15	68
7	2	69
7	15	70
7	2	71
7	2	72
7	2	74
7	15	75
7	15	76
7	3	77
7	2	78
7	15	79
7	3	80
7	2	81
7	4	82
7	2	84
7	4	86
7	2	87
7	16	88
7	4	90
7	15	91
7	15	92
7	16	93
7	15	94
7	15	95
7	15	96
7	7	97
7	4	98
7	15	99
7	7	100
7	4	101
7	2	102
7	16	103
8	20	0
8	14	1
8	11	2
8	18	3
8	11	4
8	14	5
8	16	6
8	20	7
8	23	8
8	14	9
8	20	10
8	16	11
8	11	12
8	15	13
8	18	14
8	11	15
8	11	16
8	11	17
8	15	18
8	2	20
8	14	21
8	16	22
8	15	23
8	15	24
8	16	25
8	18	26
8	8	27
8	20	28
8	2	29
8	15	30
8	8	31
8	18	32
8	8	33
8	2	34
8	18	35
8	18	36
8	20	37
8	8	38
8	2	39
8	8	40
8	8	41
8	8	42
8	20	43
8	15	44
8	4	45
8	2	46
8	8	47
8	0	48
8	20	49
8	17	51
8	7	52
8	18	53
8	7	55
8	11	56
8	7	57
8	7	58
8	11	59
8	15	60
8	7	61
8	18	62
8	7	64
8	16	65
8	3	66
8	7	67
8	16	68
8	17	69
8	16	70
8	17	71
8	17	72
8	2	73
8	17	74
8	7	75
8	11	77
8	17	78
8	16	79
8	0	80
8	17	81
8	2	82
8	2	83
8	3	84
8	11	85
8	2	86
8	17	87
8	18	88
8	15	89
8	0	90
8	7	91
8	7	92
8	18	93
8	7	94
8	7	95
8	17	96
8	15	97
8	2	98
8	7	99
8	15	100
8	0	101
8	17	102
8	18	103
9	9	0
9	9	1
9	16	3
9	20	4
9	11	7
9	23	9
9	11	10
9	18	11
9	20	12
9	16	13
9	16	14
9	12	15
9	20	16
9	20	17
9	16	18
9	9	19
9	4	20
9	11	21
9	8	23
9	16	24
9	18	25
9	16	26
9	1	28
9	4	29
9	16	30
9	15	31
9	16	32
9	15	33
9	4	34
9	16	35
9	16	36
9	1	37
9	20	39
9	15	40
9	15	41
9	8	44
9	0	45
9	4	46
9	18	47
9	20	48
9	1	49
9	10	51
9	18	53
9	15	54
9	10	55
9	17	56
9	10	57
9	11	58
9	17	59
9	16	60
9	4	63
9	15	64
9	15	65
9	11	66
9	11	67
9	1	69
9	15	70
9	1	71
9	1	72
9	17	73
9	11	74
9	15	75
9	18	76
9	4	77
9	1	78
9	18	79
9	17	80
9	1	81
9	4	82
9	4	83
9	11	84
9	17	86
9	1	87
9	7	89
9	4	90
9	15	91
9	15	92
9	16	93
9	15	94
9	15	95
9	0	96
9	7	97
9	17	98
9	15	99
9	7	100
9	4	101
9	1	102
9	16	103
10	9	0
10	12	2
10	16	3
10	20	4
10	9	5
10	18	6
10	9	7
10	23	10
10	18	11
10	20	12
10	16	13
10	20	15
10	20	16
10	20	17
10	16	18
10	9	19
10	20	20
10	11	21
10	15	22
10	16	23
10	16	24
10	16	26
10	2	28
10	4	29
10	16	30
10	15	31
10	16	32
10	15	33
10	4	34
10	16	35
10	16	36
10	2	37
10	15	38
10	4	39
10	15	40
10	15	41
10	15	42
10	2	43
10	0	45
10	4	46
10	18	47
10	2	49
10	20	50
10	10	51
10	10	52
10	16	53
10	18	54
10	10	55
10	17	56
10	10	57
10	10	58
10	17	59
10	16	60
10	10	61
10	16	62
10	15	64
10	15	65
10	15	68
10	2	69
10	15	70
10	2	71
10	2	72
10	15	75
10	17	77
10	2	78
10	15	79
10	17	80
10	2	81
10	4	82
10	4	83
10	2	84
10	17	85
10	4	86
10	2	87
10	16	88
10	7	89
10	4	90
10	15	91
10	15	92
10	16	93
10	15	94
10	15	95
10	0	96
10	7	97
10	4	98
10	15	99
10	7	100
10	15	101
10	2	102
10	16	103
11	18	0
11	18	1
11	8	2
11	8	3
11	16	4
11	18	5
11	9	6
11	18	7
11	18	9
11	18	10
11	23	11
11	8	12
11	20	13
11	20	14
11	8	15
11	16	16
11	16	17
11	20	18
11	18	19
11	16	20
11	15	21
11	11	22
11	20	23
11	20	24
11	11	25
11	2	27
11	15	28
11	8	29
11	20	30
11	2	31
11	20	32
11	8	34
11	20	35
11	20	36
11	15	37
11	2	38
11	16	39
11	2	40
11	2	41
11	2	42
11	15	43
11	4	44
11	5	45
11	8	46
11	0	47
11	16	48
11	15	49
11	16	50
11	18	51
11	18	52
11	13	53
11	11	54
11	18	55
11	7	56
11	18	57
11	18	58
11	16	59
11	18	61
11	17	62
11	11	64
11	11	65
11	11	68
11	15	69
11	11	70
11	15	71
11	15	72
11	16	73
11	18	74
11	1	75
11	11	76
11	16	77
11	15	78
11	11	79
11	16	80
11	15	81
11	7	82
11	7	83
11	16	85
11	7	86
11	15	87
11	4	88
11	4	89
11	7	90
11	1	91
11	1	92
11	4	93
11	1	94
11	1	95
11	18	96
11	4	97
11	16	98
11	2	99
11	4	100
11	15	102
11	17	103
12	20	1
12	9	2
12	15	3
12	20	5
12	21	6
12	20	7
12	9	8
12	20	10
12	19	11
12	23	12
12	5	13
12	15	14
12	9	15
12	11	16
12	11	17
12	15	18
12	20	19
12	11	20
12	20	21
12	19	22
12	15	23
12	15	24
12	19	25
12	15	26
12	19	27
12	4	28
12	0	29
12	15	30
12	19	31
12	15	32
12	19	33
12	0	34
12	15	35
12	15	36
12	4	37
12	8	38
12	0	39
12	8	40
12	8	42
12	4	43
12	15	44
12	4	45
12	0	46
12	8	47
12	11	48
12	3	51
12	3	52
12	6	53
12	16	54
12	3	55
12	10	56
12	3	57
12	3	58
12	11	59
12	15	60
12	3	61
12	15	62
12	2	63
12	16	64
12	16	65
12	13	66
12	3	67
12	16	68
12	4	69
12	16	70
12	4	71
12	4	72
12	2	73
12	13	74
12	16	75
12	2	77
12	16	79
12	11	80
12	4	81
12	0	82
12	13	84
12	11	85
12	0	86
12	4	87
12	15	88
12	15	89
12	0	90
12	7	91
12	7	92
12	15	93
12	16	94
12	3	96
12	18	97
12	0	98
12	16	99
12	15	100
12	4	102
12	15	103
13	8	0
13	8	1
13	18	2
13	9	3
13	15	4
13	12	6
13	5	8
13	8	9
13	8	10
13	20	11
13	15	12
13	23	13
13	11	14
13	5	15
13	15	16
13	15	17
13	0	18
13	8	19
13	15	20
13	4	22
13	11	23
13	1	24
13	12	25
13	0	26
13	4	27
13	19	28
13	15	29
13	4	31
13	0	32
13	4	33
13	15	34
13	0	35
13	19	37
13	20	38
13	5	39
13	4	40
13	20	42
13	19	43
13	8	45
13	15	46
13	3	47
13	15	48
13	19	49
13	15	50
13	7	51
13	7	52
13	10	53
13	3	54
13	7	55
13	7	57
13	7	58
13	15	59
13	1	60
13	7	61
13	11	62
13	4	64
13	17	65
13	16	67
13	13	68
13	17	70
13	16	71
13	7	72
13	18	73
13	16	74
13	4	75
13	13	76
13	15	77
13	7	78
13	13	79
13	7	81
13	15	83
13	7	84
13	15	85
13	18	86
13	16	87
13	0	88
13	0	89
13	15	90
13	17	91
13	4	92
13	0	93
13	6	94
13	7	96
13	0	97
13	6	98
13	4	99
13	0	100
13	15	101
13	16	102
13	0	103
14	8	0
14	8	1
14	18	2
14	9	3
14	15	4
14	20	6
14	8	7
14	18	8
14	8	9
14	8	10
14	20	11
14	5	12
14	23	14
14	18	15
14	15	16
14	15	17
14	11	18
14	8	19
14	15	20
14	8	21
14	12	22
14	11	23
14	11	24
14	20	25
14	4	27
14	16	28
14	15	29
14	11	30
14	11	32
14	4	33
14	15	34
14	11	35
14	11	36
14	16	37
14	4	38
14	15	39
14	4	40
14	4	41
14	4	42
14	16	43
14	0	44
14	8	45
14	15	46
14	4	47
14	24	48
14	15	50
14	7	51
14	7	52
14	10	53
14	3	54
14	6	56
14	7	57
14	7	58
14	15	59
14	10	60
14	7	61
14	15	63
14	17	64
14	13	65
14	16	66
14	7	67
14	17	68
14	16	71
14	16	72
14	15	73
14	16	74
14	4	75
14	17	76
14	15	77
14	16	78
14	17	79
14	15	80
14	16	81
14	15	82
14	15	83
14	16	84
14	15	85
14	15	86
14	16	87
14	0	88
14	15	90
14	4	91
14	4	92
14	0	93
14	4	94
14	4	95
14	16	96
14	0	97
14	15	98
14	4	99
14	0	100
14	15	101
14	16	102
14	11	103
15	14	1
15	11	2
15	18	3
15	11	4
15	14	5
15	16	6
15	20	7
15	9	8
15	14	9
15	20	10
15	11	12
15	15	13
15	23	15
15	11	16
15	11	17
15	18	18
15	14	19
15	14	21
15	16	22
15	15	23
15	15	24
15	16	25
15	18	26
15	8	27
15	2	29
15	15	30
15	8	31
15	8	33
15	2	34
15	20	37
15	8	38
15	2	39
15	8	40
15	8	41
15	8	42
15	18	43
15	15	44
15	8	47
15	0	48
15	20	49
15	11	50
15	3	51
15	7	52
15	18	53
15	7	54
15	7	55
15	11	56
15	7	57
15	7	58
15	11	59
15	18	60
15	7	61
15	18	62
15	11	63
15	16	64
15	16	65
15	3	66
15	17	69
15	16	70
15	17	71
15	17	72
15	2	73
15	17	74
15	16	76
15	11	77
15	17	78
15	16	79
15	0	80
15	17	81
15	2	82
15	2	83
15	3	84
15	2	86
15	17	87
15	18	88
15	15	89
15	0	90
15	7	91
15	18	93
15	7	94
15	7	95
15	17	96
15	2	98
15	7	99
15	15	100
15	0	101
15	17	102
15	18	103
16	20	0
16	20	1
16	1	2
16	5	3
16	9	4
16	20	5
16	8	6
16	9	8
16	20	9
16	20	10
16	8	11
16	9	12
16	5	13
16	5	14
16	9	15
16	23	16
16	9	17
16	15	18
16	20	19
16	9	20
16	20	21
16	16	22
16	15	23
16	15	24
16	16	25
16	15	26
16	16	27
16	8	28
16	16	31
16	15	32
16	16	33
16	11	34
16	15	35
16	15	36
16	8	37
16	8	38
16	0	39
16	16	40
16	16	41
16	8	42
16	8	43
16	4	45
16	8	47
16	8	49
16	11	50
16	17	51
16	13	52
16	18	53
16	7	54
16	17	55
16	10	56
16	13	57
16	13	58
16	18	60
16	13	61
16	6	62
16	11	63
16	16	64
16	7	65
16	17	66
16	13	67
16	16	68
16	7	69
16	16	70
16	7	71
16	17	72
16	1	73
16	17	74
16	16	75
16	16	76
16	11	77
16	17	78
16	16	79
16	11	80
16	17	81
16	11	82
16	11	83
16	17	84
16	11	85
16	1	86
16	7	87
16	15	88
16	15	89
16	0	90
16	7	91
16	16	92
16	15	93
16	16	94
16	16	95
16	17	96
16	15	97
16	0	98
16	16	99
16	15	100
16	0	101
16	7	102
16	15	103
17	20	0
17	20	1
17	1	2
17	5	3
17	9	4
17	20	5
17	8	6
17	20	7
17	9	8
17	20	10
17	8	11
17	9	12
17	5	13
17	5	14
17	9	15
17	11	16
17	23	17
17	15	18
17	20	19
17	20	21
17	16	22
17	15	23
17	15	24
17	16	25
17	15	26
17	16	27
17	20	28
17	11	29
17	15	30
17	16	31
17	15	32
17	16	33
17	11	34
17	15	35
17	20	37
17	8	38
17	0	39
17	16	40
17	16	41
17	8	42
17	12	43
17	15	44
17	4	45
17	11	46
17	16	47
17	11	48
17	12	49
17	11	50
17	3	51
17	18	53
17	10	56
17	13	58
17	11	59
17	13	61
17	6	62
17	11	63
17	16	64
17	7	65
17	17	66
17	13	67
17	16	68
17	17	69
17	16	70
17	17	71
17	17	72
17	1	73
17	16	75
17	16	76
17	11	77
17	17	78
17	16	79
17	11	80
17	17	81
17	11	82
17	17	84
17	11	85
17	1	86
17	17	87
17	15	88
17	15	89
17	0	90
17	15	93
17	16	94
17	16	95
17	17	96
17	15	97
17	0	98
17	16	99
17	15	100
17	0	101
17	13	102
17	15	103
18	15	0
18	8	1
18	18	2
18	9	3
18	5	4
18	8	5
18	20	6
18	8	7
18	18	8
18	8	9
18	20	11
18	5	12
18	0	13
18	9	14
18	18	15
18	5	16
18	5	17
18	23	18
18	8	19
18	5	20
18	8	21
18	12	22
18	9	24
18	20	25
18	9	26
18	8	27
18	16	28
18	15	29
18	11	30
18	12	31
18	12	33
18	15	34
18	11	35
18	16	37
18	4	38
18	15	39
18	12	40
18	12	41
18	4	42
18	16	43
18	16	44
18	15	46
18	4	47
18	16	49
18	5	50
18	7	51
18	7	52
18	0	53
18	3	54
18	7	55
18	6	56
18	7	57
18	7	58
18	7	61
18	10	62
18	6	63
18	17	64
18	17	65
18	16	66
18	16	67
18	17	68
18	16	69
18	17	70
18	16	71
18	16	72
18	6	73
18	7	74
18	17	75
18	17	76
18	6	77
18	16	78
18	17	79
18	6	80
18	16	81
18	15	82
18	15	83
18	16	84
18	6	86
18	16	87
18	10	88
18	15	90
18	17	91
18	17	92
18	10	93
18	17	94
18	17	95
18	7	96
18	1	97
18	15	98
18	17	99
18	10	100
18	15	101
18	16	102
18	10	103
19	11	0
19	11	1
19	12	2
19	16	3
19	20	4
19	9	5
19	18	6
19	11	7
19	11	9
19	11	10
19	18	11
19	20	12
19	16	13
19	16	14
19	12	15
19	20	16
19	16	18
19	23	19
19	20	20
19	11	21
19	15	22
19	8	23
19	16	24
19	18	25
19	16	26
19	15	27
19	4	29
19	15	31
19	16	32
19	4	34
19	16	35
19	16	36
19	2	37
19	15	38
19	20	39
19	15	40
19	15	41
19	2	43
19	8	44
19	4	46
19	18	47
19	20	48
19	2	49
19	4	50
19	10	51
19	11	52
19	7	53
19	18	54
19	11	55
19	10	57
19	11	58
19	17	59
19	16	60
19	16	62
19	18	64
19	15	65
19	11	66
19	11	67
19	18	68
19	2	69
19	15	70
19	2	71
19	2	72
19	17	73
19	11	74
19	15	75
19	13	76
19	4	77
19	2	78
19	18	79
19	17	80
19	2	81
19	4	82
19	4	83
19	11	84
19	17	85
19	17	86
19	2	87
19	16	88
19	7	89
19	4	90
19	15	91
19	15	92
19	16	93
19	15	94
19	15	95
19	0	96
19	7	97
19	17	98
19	7	100
19	4	101
19	2	102
20	4	1
20	9	2
20	5	3
20	20	5
20	20	7
20	1	8
20	20	9
20	20	10
20	8	11
20	9	12
20	5	13
20	5	14
20	1	15
20	11	16
20	11	17
20	15	18
20	20	19
20	23	20
20	20	21
20	8	22
20	18	23
20	18	24
20	8	25
20	15	26
20	16	27
20	8	28
20	11	29
20	15	30
20	16	31
20	15	32
20	16	33
20	11	34
20	15	36
20	8	37
20	0	39
20	16	40
20	16	41
20	16	42
20	8	43
20	15	44
20	4	45
20	11	46
20	8	47
20	11	48
20	8	49
20	11	50
20	16	51
20	3	52
20	18	53
20	7	54
20	3	55
20	10	56
20	3	57
20	3	58
20	11	59
20	6	60
20	6	62
20	11	63
20	7	64
20	7	65
20	17	66
20	17	67
20	7	68
20	7	69
20	16	70
20	7	71
20	7	72
20	11	73
20	17	74
20	16	75
20	7	76
20	11	77
20	7	78
20	7	79
20	11	80
20	7	81
20	11	82
20	11	83
20	17	84
20	11	85
20	11	86
20	7	87
20	15	88
20	15	89
20	11	90
20	16	91
20	16	92
20	16	94
20	16	95
20	7	96
20	15	97
20	0	98
20	16	99
20	1	101
20	15	103
21	9	0
21	9	1
21	20	2
21	8	3
21	20	4
21	9	5
21	18	6
21	9	7
21	12	8
21	9	9
21	9	10
21	5	11
21	20	12
21	8	13
21	16	14
21	12	15
21	20	16
21	20	17
21	16	18
21	9	19
21	20	20
21	23	21
21	15	22
21	8	23
21	16	24
21	15	25
21	15	27
21	11	28
21	4	29
21	16	30
21	15	31
21	16	32
21	15	33
21	16	35
21	16	36
21	11	37
21	15	38
21	4	39
21	15	41
21	15	42
21	11	43
21	0	45
21	4	46
21	15	47
21	12	48
21	11	49
21	20	50
21	10	51
21	10	52
21	7	53
21	18	54
21	10	55
21	3	56
21	10	57
21	10	58
21	17	59
21	16	62
21	17	63
21	15	64
21	15	65
21	11	66
21	11	67
21	1	69
21	15	70
21	1	71
21	11	72
21	4	73
21	11	74
21	15	75
21	15	76
21	17	77
21	11	78
21	15	79
21	13	80
21	11	81
21	4	83
21	11	84
21	17	85
21	4	86
21	1	87
21	7	89
21	4	90
21	15	91
21	15	92
21	16	93
21	18	94
21	15	95
21	0	96
21	7	97
21	4	98
21	15	99
21	7	100
21	4	101
21	11	102
21	16	103
22	5	0
22	8	2
22	12	3
22	8	4
22	5	5
22	9	6
22	5	7
22	8	8
22	5	9
22	5	10
22	9	11
22	8	12
22	4	13
22	12	14
22	8	15
22	8	16
22	8	17
22	12	18
22	5	19
22	8	20
22	5	21
22	23	22
22	12	24
22	9	25
22	12	26
22	9	27
22	18	28
22	12	30
22	9	31
22	12	32
22	9	33
22	16	34
22	12	35
22	12	36
22	18	37
22	9	38
22	16	39
22	9	40
22	9	42
22	18	43
22	20	44
22	15	45
22	8	46
22	1	47
22	8	48
22	18	49
22	16	50
22	18	51
22	6	52
22	7	53
22	10	54
22	6	55
22	7	56
22	18	57
22	6	58
22	7	59
22	6	61
22	7	62
22	16	63
22	1	64
22	10	65
22	15	66
22	6	67
22	10	68
22	18	69
22	10	70
22	18	71
22	15	72
22	16	73
22	18	74
22	10	75
22	10	76
22	16	77
22	15	78
22	10	79
22	16	80
22	15	81
22	16	83
22	15	84
22	16	85
22	16	86
22	18	87
22	4	88
22	17	89
22	16	90
22	10	91
22	10	92
22	10	94
22	10	95
22	15	96
22	17	97
22	16	98
22	10	99
22	17	100
22	16	101
22	18	102
23	8	0
23	16	1
23	18	2
23	5	4
23	16	5
23	14	6
23	16	7
23	5	8
23	16	9
23	20	11
23	5	12
23	5	15
23	5	16
23	5	17
23	11	18
23	16	19
23	18	20
23	16	21
23	14	22
23	23	23
23	11	24
23	14	25
23	11	26
23	20	27
23	16	28
23	15	29
23	11	30
23	20	31
23	11	32
23	20	33
23	15	34
23	11	35
23	11	36
23	16	37
23	20	38
23	18	39
23	14	40
23	20	42
23	16	43
23	11	44
23	8	45
23	15	46
23	4	47
23	15	48
23	16	49
23	16	52
23	1	53
23	3	54
23	16	55
23	6	56
23	16	57
23	18	59
23	10	60
23	16	61
23	10	62
23	6	63
23	3	64
23	16	66
23	16	67
23	16	69
23	3	70
23	16	71
23	16	72
23	18	73
23	7	74
23	17	75
23	6	77
23	16	78
23	13	79
23	15	80
23	16	81
23	15	82
23	15	83
23	16	84
23	6	85
23	18	86
23	16	87
23	1	88
23	11	89
23	15	90
23	3	91
23	13	92
23	1	93
23	4	94
23	17	95
23	7	96
23	11	97
23	18	98
23	3	99
23	11	100
23	16	102
23	11	103
24	8	0
24	8	1
24	5	2
24	9	3
24	5	4
24	8	5
24	4	6
24	8	7
24	5	8
24	8	9
24	8	10
24	4	11
24	5	12
24	1	13
24	5	16
24	5	17
24	9	18
24	8	19
24	18	20
24	8	21
24	12	22
24	9	23
24	23	24
24	12	25
24	9	26
24	12	27
24	8	28
24	15	29
24	9	30
24	12	31
24	9	32
24	12	33
24	15	34
24	9	35
24	9	36
24	8	37
24	12	38
24	15	39
24	12	40
24	4	41
24	12	42
24	9	44
24	8	45
24	15	46
24	18	48
24	8	49
24	5	50
24	7	52
24	0	53
24	13	54
24	7	55
24	6	56
24	7	57
24	7	58
24	6	59
24	1	60
24	7	61
24	10	62
24	6	63
24	13	64
24	13	65
24	7	66
24	7	67
24	7	69
24	17	70
24	7	72
24	6	73
24	7	74
24	13	75
24	6	77
24	7	78
24	13	79
24	18	80
24	7	81
24	15	82
24	15	83
24	7	84
24	6	85
24	6	86
24	7	87
24	10	88
24	10	89
24	15	90
24	13	91
24	13	92
24	10	93
24	13	95
24	7	96
24	10	97
24	13	99
24	10	100
24	15	101
24	7	102
24	10	103
25	5	0
25	18	1
25	16	2
25	8	4
25	18	5
25	9	6
25	5	7
25	8	8
25	5	10
25	9	11
25	8	12
25	12	13
25	8	15
25	8	16
25	8	17
25	20	18
25	18	19
25	16	20
25	5	21
25	9	22
25	12	23
25	12	24
25	23	25
25	12	26
25	9	27
25	15	28
25	8	29
25	12	30
25	9	31
25	8	32
25	11	33
25	11	34
25	4	36
25	16	37
25	11	39
25	12	40
25	16	41
25	16	42
25	4	43
25	16	44
25	18	45
25	20	46
25	16	47
25	15	48
25	20	49
25	6	51
25	6	52
25	13	53
25	10	54
25	6	55
25	7	56
25	6	57
25	6	58
25	17	60
25	6	61
25	17	62
25	10	64
25	10	65
25	15	66
25	10	68
25	15	69
25	10	70
25	15	72
25	16	73
25	18	74
25	10	75
25	7	77
25	15	78
25	10	79
25	16	80
25	16	83
25	15	84
25	7	85
25	15	87
25	4	88
25	4	89
25	1	91
25	4	93
25	1	94
25	10	95
25	15	96
25	4	97
25	16	98
25	10	99
25	4	100
25	16	101
25	15	102
25	13	103
26	8	0
26	8	1
26	5	2
26	9	3
26	5	4
26	8	5
26	20	6
26	8	7
26	8	10
26	20	11
26	5	12
26	0	13
26	9	14
26	18	15
26	5	16
26	5	17
26	9	18
26	8	19
26	5	20
26	8	21
26	12	22
26	9	23
26	9	24
26	12	25
26	23	26
26	14	27
26	16	28
26	5	29
26	11	30
26	14	31
26	11	32
26	14	33
26	5	34
26	11	35
26	11	36
26	16	37
26	20	38
26	15	39
26	20	40
26	12	41
26	20	42
26	16	43
26	11	44
26	8	45
26	15	46
26	4	47
26	5	48
26	16	49
26	18	50
26	7	52
26	0	53
26	3	54
26	7	55
26	6	56
26	7	57
26	7	58
26	6	59
26	7	61
26	10	62
26	18	63
26	7	66
26	7	67
26	3	68
26	16	69
26	13	70
26	16	71
26	18	73
26	7	74
26	13	75
26	3	76
26	16	78
26	3	79
26	6	80
26	16	81
26	15	82
26	7	84
26	18	85
26	16	87
26	10	88
26	10	89
26	15	90
26	17	91
26	17	92
26	10	93
26	13	94
26	13	95
26	7	96
26	1	97
26	15	98
26	13	99
26	10	100
26	15	101
26	16	102
26	11	103
27	5	0
27	5	1
27	16	2
27	4	3
27	8	4
27	5	5
27	1	6
27	5	7
27	8	8
27	5	9
27	5	10
27	1	11
27	4	13
27	4	14
27	8	15
27	8	16
27	8	17
27	12	18
27	5	19
27	8	20
27	5	21
27	9	22
27	12	23
27	12	24
27	9	25
27	12	26
27	18	28
27	8	29
27	12	30
27	11	31
27	12	32
27	11	33
27	8	34
27	12	35
27	12	36
27	18	37
27	9	38
27	16	39
27	11	40
27	11	42
27	18	43
27	20	44
27	15	45
27	8	46
27	1	47
27	8	48
27	18	49
27	8	50
27	6	51
27	6	52
27	4	53
27	1	54
27	6	55
27	7	56
27	6	57
27	6	58
27	7	59
27	13	60
27	6	61
27	7	63
27	10	64
27	10	65
27	6	66
27	6	67
27	10	68
27	18	69
27	10	70
27	18	71
27	18	72
27	7	73
27	6	74
27	10	75
27	10	76
27	7	77
27	18	78
27	10	79
27	7	80
27	18	81
27	7	82
27	7	83
27	6	84
27	7	85
27	7	86
27	18	87
27	13	88
27	17	89
27	16	90
27	10	91
27	10	92
27	13	93
27	10	95
27	15	96
27	17	97
27	16	98
27	11	99
27	17	100
27	16	101
27	18	102
27	13	103
28	1	0
28	1	1
28	20	2
28	12	4
28	1	5
28	5	6
28	1	7
28	20	8
28	1	9
28	1	10
28	5	11
28	4	12
28	8	13
28	8	14
28	20	15
28	12	16
28	20	17
28	8	18
28	1	19
28	12	20
28	9	21
28	18	22
28	8	23
28	5	25
28	8	26
28	18	27
28	23	28
28	20	29
28	8	30
28	18	31
28	8	32
28	18	33
28	20	34
28	8	35
28	8	36
28	11	37
28	18	38
28	12	39
28	18	40
28	18	41
28	11	43
28	2	45
28	20	46
28	15	47
28	20	48
28	11	49
28	20	50
28	1	51
28	1	52
28	7	53
28	1	55
28	3	56
28	1	57
28	1	58
28	13	59
28	7	60
28	1	61
28	7	62
28	13	63
28	6	64
28	18	65
28	11	66
28	10	67
28	6	68
28	10	69
28	18	70
28	10	71
28	10	72
28	17	73
28	10	74
28	18	75
28	6	76
28	13	77
28	10	78
28	6	79
28	17	80
28	10	81
28	17	82
28	17	83
28	11	84
28	13	85
28	17	86
28	11	87
28	16	88
28	16	89
28	17	90
28	18	91
28	18	92
28	16	93
28	18	94
28	18	95
28	10	96
28	16	97
28	13	98
28	18	99
28	16	100
28	17	101
28	7	103
29	4	0
29	20	1
29	9	2
29	5	3
29	9	4
29	4	5
29	16	6
29	4	7
29	1	8
29	4	9
29	4	10
29	16	11
29	0	12
29	5	13
29	5	14
29	1	15
29	9	16
29	9	17
29	5	18
29	9	20
29	4	21
29	5	24
29	8	25
29	5	26
29	16	27
29	23	29
29	5	30
29	5	32
29	16	33
29	11	34
29	5	35
29	20	37
29	8	38
29	11	39
29	16	40
29	16	41
29	8	42
29	20	43
29	15	44
29	12	45
29	11	46
29	16	47
29	11	48
29	20	49
29	9	50
29	3	51
29	4	52
29	18	53
29	7	54
29	3	55
29	1	56
29	3	57
29	4	58
29	10	59
29	6	60
29	3	61
29	18	62
29	10	63
29	16	64
29	7	65
29	16	66
29	4	67
29	7	68
29	17	69
29	17	71
29	13	72
29	10	73
29	17	74
29	16	75
29	7	76
29	10	77
29	13	78
29	7	79
29	13	81
29	10	82
29	7	84
29	10	85
29	10	86
29	17	87
29	15	88
29	15	89
29	11	90
29	16	91
29	16	92
29	15	93
29	16	94
29	16	95
29	17	96
29	15	97
29	11	98
29	16	99
29	15	100
29	11	101
29	17	102
29	6	103
30	8	0
30	5	2
30	9	3
30	5	4
30	8	5
30	20	6
30	8	7
30	5	8
30	8	9
30	8	10
30	4	11
30	5	12
30	0	13
30	9	14
30	5	15
30	5	16
30	5	17
30	9	18
30	8	19
30	5	20
30	8	21
30	12	22
30	9	23
30	9	24
30	12	25
30	9	26
30	12	27
30	16	28
30	15	29
30	23	30
30	12	31
30	9	32
30	12	33
30	15	34
30	9	35
30	9	36
30	16	37
30	20	38
30	15	39
30	20	40
30	4	41
30	20	42
30	16	43
30	9	44
30	16	45
30	15	46
30	5	48
30	16	49
30	18	50
30	7	51
30	7	52
30	3	54
30	7	55
30	6	56
30	7	57
30	7	58
30	6	59
30	10	60
30	7	61
30	18	63
30	13	64
30	13	65
30	7	66
30	7	67
30	13	68
30	16	69
30	13	70
30	16	71
30	7	72
30	18	73
30	7	74
30	13	75
30	13	76
30	18	77
30	7	78
30	13	79
30	6	80
30	7	81
30	15	82
30	15	83
30	7	84
30	18	85
30	18	86
30	16	87
30	10	89
30	15	90
30	17	91
30	17	92
30	11	93
30	13	94
30	13	95
30	15	98
30	13	99
30	10	100
30	15	101
30	16	102
30	10	103
31	5	0
31	5	1
31	16	2
31	4	3
31	8	4
31	1	6
31	5	7
31	8	8
31	5	9
31	5	10
31	1	11
31	4	13
31	4	14
31	8	15
31	8	16
31	12	18
31	5	19
31	8	20
31	5	21
31	9	22
31	20	23
31	12	24
31	9	25
31	12	26
31	9	27
31	18	28
31	8	29
31	12	30
31	23	31
31	12	32
31	11	33
31	8	34
31	12	35
31	12	36
31	18	37
31	9	38
31	16	39
31	11	40
31	9	41
31	18	43
31	15	45
31	16	46
31	1	47
31	8	48
31	18	49
31	8	50
31	6	51
31	6	52
31	3	53
31	1	54
31	6	55
31	7	56
31	6	57
31	6	58
31	7	59
31	13	60
31	6	61
31	13	62
31	7	63
31	10	65
31	6	66
31	6	67
31	10	68
31	18	69
31	10	70
31	18	71
31	18	72
31	7	73
31	6	74
31	11	75
31	10	76
31	7	77
31	18	78
31	10	79
31	7	80
31	18	81
31	7	82
31	16	83
31	6	84
31	7	85
31	7	86
31	18	87
31	13	88
31	17	89
31	10	91
31	11	92
31	13	93
31	10	94
31	11	95
31	15	96
31	17	97
31	16	98
31	11	99
31	17	100
31	16	101
31	18	102
31	13	103
32	8	0
32	8	1
32	5	2
32	9	3
32	5	4
32	8	5
32	20	6
32	8	7
32	18	8
32	8	9
32	20	11
32	5	12
32	0	13
32	9	14
32	18	15
32	5	16
32	5	17
32	9	18
32	8	19
32	5	20
32	8	21
32	12	22
32	9	23
32	9	24
32	14	25
32	9	26
32	14	27
32	16	28
32	15	29
32	11	30
32	14	31
32	23	32
32	14	33
32	15	34
32	11	36
32	11	37
32	20	38
32	15	39
32	20	40
32	14	41
32	20	42
32	11	44
32	8	45
32	15	46
32	4	47
32	5	48
32	18	50
32	7	51
32	7	52
32	0	53
32	3	54
32	7	55
32	6	56
32	7	57
32	7	58
32	6	59
32	10	60
32	7	61
32	10	62
32	18	63
32	17	64
32	16	66
32	7	67
32	17	68
32	17	70
32	16	72
32	18	73
32	16	74
32	17	75
32	17	76
32	18	77
32	16	78
32	17	79
32	6	80
32	18	81
32	15	82
32	15	83
32	18	86
32	16	87
32	10	88
32	11	89
32	15	90
32	17	91
32	17	92
32	10	93
32	13	94
32	17	95
32	7	96
32	1	97
32	15	98
32	17	99
32	11	100
32	15	101
32	16	102
32	11	103
33	5	0
33	5	1
33	16	2
33	4	3
33	8	4
33	5	5
33	1	6
33	5	9
33	1	11
33	4	13
33	4	14
33	8	15
33	8	16
33	8	17
33	5	19
33	8	20
33	5	21
33	9	22
33	20	23
33	12	24
33	9	25
33	12	26
33	9	27
33	18	28
33	8	29
33	12	30
33	12	32
33	8	34
33	12	35
33	12	36
33	18	37
33	16	39
33	11	40
33	9	41
33	9	42
33	18	43
33	20	44
33	15	45
33	16	46
33	1	47
33	18	49
33	8	50
33	6	51
33	6	52
33	3	53
33	6	55
33	7	56
33	6	57
33	6	58
33	7	59
33	6	61
33	13	62
33	7	63
33	10	64
33	10	65
33	6	66
33	6	67
33	10	68
33	18	69
33	10	70
33	18	71
33	18	72
33	7	73
33	6	74
33	10	76
33	7	77
33	18	78
33	10	79
33	7	80
33	18	81
33	7	82
33	6	84
33	7	85
33	7	86
33	18	87
33	13	88
33	17	89
33	11	92
33	13	93
33	10	94
33	15	96
33	17	97
33	16	98
33	11	99
33	17	100
33	16	101
33	18	102
33	13	103
34	4	0
34	9	2
34	5	3
34	9	4
34	4	5
34	8	6
34	4	7
34	1	8
34	4	9
34	4	10
34	8	11
34	0	12
34	5	13
34	5	14
34	1	15
34	9	16
34	9	17
34	5	18
34	4	19
34	4	21
34	8	22
34	5	24
34	8	25
34	5	26
34	8	27
34	20	28
34	9	29
34	5	30
34	8	31
34	8	33
34	23	34
34	15	35
34	15	36
34	20	37
34	8	38
34	11	39
34	8	40
34	16	41
34	8	42
34	20	43
34	15	44
34	12	45
34	11	46
34	9	48
34	20	49
34	3	51
34	3	52
34	7	54
34	1	56
34	3	57
34	3	58
34	10	59
34	6	60
34	3	61
34	18	62
34	10	63
34	7	64
34	7	65
34	4	67
34	7	68
34	17	69
34	7	70
34	17	71
34	13	72
34	17	74
34	7	75
34	7	76
34	10	77
34	13	78
34	7	79
34	10	80
34	10	82
34	10	83
34	17	84
34	10	86
34	17	87
34	15	88
34	15	89
34	10	90
34	7	91
34	15	93
34	16	94
34	7	95
34	17	96
34	16	99
34	15	100
34	11	101
34	17	102
34	15	103
35	8	0
35	8	1
35	5	2
35	9	3
35	5	4
35	8	5
35	20	6
35	8	7
35	18	8
35	20	11
35	5	12
35	0	13
35	9	14
35	18	15
35	9	18
35	8	19
35	8	21
35	12	22
35	9	23
35	9	24
35	12	25
35	9	26
35	12	27
35	16	28
35	5	29
35	9	30
35	9	31
35	9	32
35	5	33
35	23	35
35	11	36
35	16	37
35	20	38
35	15	39
35	20	40
35	12	41
35	20	42
35	16	43
35	11	44
35	8	45
35	15	46
35	4	47
35	5	48
35	16	49
35	18	50
35	7	51
35	7	52
35	0	53
35	13	54
35	6	56
35	7	57
35	7	58
35	10	60
35	10	62
35	18	63
35	17	64
35	13	65
35	7	66
35	7	67
35	13	68
35	16	69
35	13	70
35	16	71
35	18	73
35	7	74
35	13	75
35	13	76
35	16	78
35	13	79
35	6	80
35	16	81
35	6	82
35	15	83
35	7	84
35	6	85
35	18	86
35	16	87
35	10	88
35	10	89
35	15	90
35	17	91
35	17	92
35	10	93
35	17	94
35	13	95
35	7	96
35	1	97
35	15	98
35	13	99
35	10	100
35	15	101
35	16	102
35	11	103
36	8	0
36	8	1
36	5	2
36	9	3
36	8	5
36	20	6
36	8	7
36	18	8
36	8	10
36	20	11
36	5	12
36	0	13
36	18	15
36	5	16
36	5	17
36	9	18
36	8	19
36	8	21
36	12	22
36	9	23
36	14	25
36	9	26
36	14	27
36	16	28
36	15	29
36	11	30
36	14	31
36	9	32
36	14	33
36	15	34
36	9	35
36	23	36
36	16	37
36	20	38
36	20	40
36	14	41
36	20	42
36	16	43
36	11	44
36	8	45
36	15	46
36	4	47
36	5	48
36	16	49
36	7	51
36	7	52
36	3	54
36	7	55
36	6	56
36	7	57
36	7	58
36	6	59
36	10	60
36	7	61
36	10	62
36	18	63
36	13	64
36	13	65
36	7	67
36	13	68
36	13	70
36	16	71
36	16	72
36	18	73
36	7	74
36	13	75
36	13	76
36	18	77
36	16	78
36	13	79
36	6	80
36	16	81
36	10	82
36	15	83
36	7	84
36	18	86
36	16	87
36	10	88
36	10	89
36	15	90
36	17	91
36	10	93
36	13	95
36	7	96
36	1	97
36	15	98
36	13	99
36	10	100
36	15	101
36	16	102
36	11	103
37	1	0
37	1	1
37	20	2
37	16	3
37	12	4
37	1	5
37	5	6
37	1	7
37	20	8
37	1	9
37	1	10
37	5	11
37	4	12
37	8	13
37	8	14
37	20	15
37	12	16
37	8	18
37	1	19
37	12	20
37	9	21
37	18	22
37	8	23
37	8	26
37	18	27
37	9	28
37	20	29
37	8	30
37	8	32
37	18	33
37	20	34
37	8	35
37	8	36
37	23	37
37	18	38
37	18	40
37	18	41
37	18	42
37	11	43
37	16	44
37	1	45
37	15	47
37	20	48
37	11	49
37	20	50
37	1	51
37	1	52
37	7	53
37	6	54
37	1	55
37	4	56
37	1	57
37	1	58
37	13	59
37	7	60
37	1	61
37	7	62
37	13	63
37	6	64
37	11	66
37	10	67
37	6	68
37	10	69
37	18	70
37	10	71
37	10	72
37	13	73
37	10	74
37	18	75
37	6	76
37	13	77
37	10	78
37	6	79
37	17	80
37	10	81
37	17	82
37	17	83
37	11	84
37	13	85
37	17	86
37	10	87
37	16	88
37	16	89
37	17	90
37	18	91
37	18	92
37	16	93
37	18	94
37	18	95
37	1	96
37	16	97
37	13	98
37	18	99
37	16	100
37	17	101
37	11	102
37	7	103
38	15	0
38	5	1
38	16	2
38	4	3
38	16	4
38	5	5
38	1	6
38	5	7
38	16	8
38	5	9
38	5	10
38	1	11
38	16	12
38	4	13
38	16	15
38	16	17
38	4	18
38	5	19
38	8	20
38	5	21
38	9	22
38	20	24
38	1	25
38	20	26
38	18	28
38	20	30
38	11	31
38	20	32
38	11	33
38	8	34
38	20	35
38	20	36
38	8	39
38	11	40
38	11	41
38	11	42
38	18	43
38	20	44
38	15	45
38	8	46
38	1	47
38	8	48
38	18	49
38	16	50
38	6	51
38	6	52
38	3	53
38	1	54
38	6	55
38	16	56
38	6	57
38	6	58
38	7	59
38	13	60
38	6	61
38	13	62
38	7	63
38	1	64
38	10	65
38	1	68
38	18	69
38	10	70
38	18	71
38	18	72
38	7	73
38	6	74
38	10	75
38	1	76
38	7	77
38	18	78
38	1	79
38	7	80
38	18	81
38	7	82
38	16	83
38	6	84
38	7	86
38	13	88
38	17	89
38	16	90
38	10	91
38	10	92
38	13	93
38	10	94
38	10	95
38	15	96
38	17	97
38	16	98
38	10	99
38	17	100
38	16	101
38	18	102
38	17	103
39	4	0
39	20	1
39	1	2
39	5	3
39	0	4
39	20	5
39	8	6
39	4	7
39	1	8
39	20	9
39	4	10
39	8	11
39	0	12
39	15	13
39	1	15
39	0	16
39	5	18
39	20	19
39	0	20
39	4	21
39	8	22
39	18	23
39	5	24
39	8	25
39	9	29
39	5	30
39	8	31
39	5	32
39	8	33
39	9	34
39	5	35
39	5	36
39	12	37
39	23	39
39	8	40
39	16	41
39	16	42
39	12	43
39	5	44
39	12	45
39	9	46
39	0	48
39	12	49
39	0	50
39	3	52
39	18	53
39	7	54
39	3	55
39	0	56
39	3	57
39	3	58
39	0	59
39	6	60
39	3	61
39	6	62
39	0	63
39	7	64
39	7	65
39	13	66
39	4	67
39	7	68
39	13	69
39	7	70
39	13	71
39	13	72
39	10	73
39	7	76
39	0	77
39	13	78
39	7	79
39	0	80
39	13	81
39	10	82
39	6	83
39	13	84
39	0	85
39	10	86
39	13	87
39	6	88
39	6	89
39	10	90
39	16	91
39	7	92
39	6	93
39	7	94
39	7	95
39	17	96
39	11	98
39	7	99
39	6	100
39	11	101
39	13	102
39	6	103
40	5	0
40	5	1
40	8	2
40	4	3
40	8	4
40	5	5
40	1	6
40	5	7
40	8	8
40	5	9
40	5	10
40	1	11
40	19	12
40	4	13
40	4	14
40	8	15
40	8	16
40	8	17
40	12	18
40	5	19
40	8	20
40	5	21
40	9	22
40	12	23
40	12	24
40	9	25
40	20	26
40	9	27
40	18	28
40	8	29
40	20	30
40	9	31
40	20	32
40	9	33
40	8	34
40	20	35
40	20	36
40	16	39
40	23	40
40	9	41
40	9	42
40	18	43
40	20	44
40	15	45
40	8	46
40	1	47
40	8	48
40	18	49
40	8	50
40	6	51
40	6	52
40	6	55
40	7	56
40	6	57
40	6	58
40	7	59
40	6	61
40	13	62
40	7	63
40	1	65
40	18	66
40	6	67
40	10	68
40	18	69
40	10	70
40	18	71
40	18	72
40	7	73
40	6	74
40	10	75
40	10	76
40	7	77
40	18	78
40	10	79
40	7	80
40	18	81
40	7	83
40	18	84
40	7	85
40	7	86
40	18	87
40	17	88
40	17	89
40	16	90
40	10	91
40	10	92
40	17	93
40	10	94
40	10	95
40	15	96
40	17	97
40	16	98
40	10	99
40	17	100
40	16	101
40	17	103
41	5	0
41	5	1
41	16	2
41	4	3
41	8	4
41	5	5
41	1	6
41	5	7
41	5	9
41	5	10
41	1	11
41	16	12
41	4	13
41	16	15
41	8	16
41	8	17
41	12	18
41	5	19
41	8	20
41	5	21
41	1	22
41	4	23
41	1	25
41	11	27
41	8	29
41	12	30
41	11	31
41	8	34
41	12	35
41	12	36
41	18	37
41	11	38
41	8	39
41	11	40
41	23	41
41	11	42
41	18	43
41	18	45
41	8	46
41	2	47
41	8	50
41	18	51
41	6	52
41	3	53
41	10	54
41	10	55
41	6	57
41	6	58
41	7	59
41	4	60
41	6	61
41	13	62
41	10	64
41	1	65
41	6	66
41	11	68
41	18	69
41	11	70
41	18	71
41	18	72
41	7	73
41	6	74
41	11	75
41	11	76
41	7	77
41	18	78
41	11	79
41	7	80
41	18	81
41	7	82
41	7	83
41	7	85
41	7	86
41	18	87
41	13	88
41	17	89
41	7	90
41	11	91
41	11	92
41	13	93
41	11	94
41	11	95
41	15	96
41	17	97
41	16	98
41	17	100
41	16	101
41	18	102
41	13	103
42	5	0
42	5	1
42	16	2
42	4	3
42	16	4
42	5	5
42	1	6
42	16	8
42	5	9
42	5	10
42	1	11
42	16	12
42	20	13
42	4	14
42	16	16
42	4	18
42	5	19
42	8	20
42	5	21
42	9	22
42	20	23
42	12	24
42	1	25
42	12	26
42	11	27
42	8	29
42	12	30
42	11	31
42	12	32
42	11	33
42	8	34
42	12	35
42	12	36
42	18	37
42	9	38
42	11	40
42	11	41
42	23	42
42	18	43
42	20	44
42	15	45
42	1	47
42	8	48
42	20	49
42	6	51
42	6	52
42	3	53
42	1	54
42	6	55
42	6	57
42	6	58
42	7	59
42	13	60
42	6	61
42	13	62
42	7	63
42	1	64
42	10	65
42	6	66
42	6	67
42	1	68
42	18	69
42	10	70
42	18	71
42	7	73
42	6	74
42	11	75
42	1	76
42	7	77
42	18	78
42	1	79
42	7	80
42	18	81
42	7	82
42	16	83
42	6	84
42	7	85
42	7	86
42	18	87
42	13	88
42	16	90
42	10	91
42	11	92
42	13	93
42	11	94
42	11	95
42	15	96
42	17	97
42	7	98
42	11	99
42	17	100
42	16	101
42	18	102
42	13	103
43	1	0
43	1	1
43	3	2
43	16	3
43	12	4
43	1	5
43	5	6
43	1	7
43	3	8
43	1	9
43	1	10
43	5	11
43	4	12
43	8	13
43	8	14
43	3	15
43	12	16
43	12	17
43	8	18
43	1	19
43	12	20
43	9	21
43	18	22
43	8	23
43	16	24
43	5	25
43	8	26
43	18	27
43	9	28
43	3	29
43	18	31
43	8	32
43	18	33
43	3	34
43	8	35
43	8	36
43	9	37
43	8	39
43	18	40
43	18	41
43	18	42
43	23	43
43	16	44
43	2	45
43	8	46
43	15	47
43	3	48
43	9	49
43	12	50
43	1	51
43	7	53
43	6	54
43	1	55
43	4	56
43	1	57
43	1	58
43	13	59
43	7	60
43	1	61
43	6	64
43	18	65
43	10	66
43	10	67
43	6	68
43	10	69
43	18	70
43	10	71
43	10	72
43	7	73
43	11	74
43	18	75
43	6	76
43	13	77
43	10	78
43	6	79
43	3	80
43	10	81
43	3	82
43	17	83
43	13	85
43	3	86
43	10	87
43	16	88
43	16	89
43	17	90
43	18	91
43	18	92
43	16	93
43	18	94
43	18	95
43	2	96
43	16	97
43	7	98
43	18	99
43	16	100
43	17	101
43	7	103
44	16	0
44	16	1
44	18	2
44	5	4
44	16	5
44	4	6
44	16	7
44	5	8
44	16	9
44	16	10
44	4	11
44	5	12
44	0	13
44	0	14
44	5	15
44	5	16
44	5	17
44	9	18
44	16	19
44	5	20
44	16	21
44	20	22
44	9	23
44	9	24
44	9	26
44	20	27
44	8	28
44	5	29
44	9	30
44	20	31
44	9	32
44	5	34
44	9	35
44	9	36
44	8	37
44	20	38
44	15	39
44	20	40
44	20	41
44	20	42
44	8	43
44	23	44
44	16	45
44	8	47
44	5	48
44	8	49
44	5	50
44	16	51
44	16	52
44	1	53
44	4	54
44	7	55
44	6	56
44	16	57
44	16	58
44	6	59
44	1	60
44	6	63
44	13	64
44	3	65
44	7	66
44	7	67
44	4	68
44	7	69
44	3	70
44	7	71
44	7	72
44	18	73
44	7	74
44	17	75
44	4	76
44	6	77
44	7	78
44	6	80
44	7	81
44	6	82
44	6	83
44	7	84
44	6	85
44	18	86
44	7	87
44	11	89
44	17	91
44	17	92
44	17	94
44	17	95
44	16	96
44	15	98
44	17	99
44	11	100
44	15	101
44	7	102
44	10	103
45	0	0
45	0	1
45	20	2
45	16	3
45	4	4
45	5	6
45	0	7
45	0	9
45	0	10
45	5	11
45	4	12
45	16	13
45	4	16
45	4	17
45	8	18
45	0	19
45	4	20
45	0	21
45	5	22
45	8	23
45	8	24
45	5	25
45	5	27
45	5	31
45	8	32
45	5	33
45	12	34
45	8	35
45	8	36
45	1	37
45	5	38
45	5	40
45	18	41
45	5	42
45	1	43
45	8	44
45	23	45
45	4	46
45	18	47
45	4	48
45	1	49
45	4	50
45	1	51
45	0	52
45	16	53
45	6	54
45	1	55
45	3	56
45	10	57
45	0	58
45	3	59
45	7	60
45	0	61
45	16	62
45	4	63
45	6	64
45	6	65
45	1	66
45	0	67
45	6	68
45	1	69
45	6	70
45	1	71
45	13	73
45	1	74
45	6	75
45	6	76
45	10	78
45	6	79
45	13	80
45	10	81
45	13	82
45	4	83
45	4	85
45	13	86
45	1	87
45	7	88
45	7	89
45	13	90
45	6	91
45	6	92
45	7	93
45	6	94
45	6	95
45	10	96
45	7	97
45	13	98
45	6	99
45	7	100
45	13	101
45	1	102
45	7	103
46	4	0
46	4	1
46	9	2
46	5	3
46	9	4
46	4	5
46	16	6
46	4	7
46	1	8
46	4	9
46	4	10
46	16	11
46	0	12
46	5	13
46	5	14
46	1	15
46	9	16
46	9	17
46	5	18
46	4	19
46	9	20
46	4	21
46	16	22
46	5	23
46	5	24
46	8	25
46	5	26
46	20	28
46	9	29
46	5	30
46	5	32
46	8	33
46	5	35
46	5	36
46	8	38
46	11	39
46	8	40
46	8	41
46	8	42
46	20	43
46	15	44
46	12	45
46	23	46
46	16	47
46	9	48
46	20	49
46	9	50
46	3	51
46	3	52
46	6	53
46	16	54
46	3	55
46	1	56
46	3	57
46	3	58
46	6	60
46	3	61
46	6	62
46	10	63
46	7	64
46	13	66
46	7	68
46	13	69
46	7	70
46	13	71
46	13	72
46	10	73
46	13	74
46	7	75
46	7	76
46	10	77
46	13	78
46	7	79
46	10	80
46	10	82
46	13	84
46	10	85
46	10	86
46	13	87
46	15	88
46	15	89
46	11	90
46	7	91
46	16	92
46	15	93
46	7	94
46	7	95
46	13	96
46	15	97
46	11	98
46	7	99
46	15	100
46	11	101
46	13	102
46	6	103
47	18	0
47	18	1
47	8	2
47	4	3
47	8	4
47	18	5
47	0	6
47	18	7
47	16	8
47	18	9
47	18	10
47	0	11
47	16	12
47	4	13
47	4	14
47	16	16
47	16	17
47	4	18
47	18	19
47	8	20
47	18	21
47	1	22
47	4	23
47	4	24
47	0	25
47	8	27
47	0	28
47	8	29
47	4	30
47	1	31
47	1	33
47	8	34
47	4	35
47	4	36
47	0	37
47	1	38
47	8	39
47	1	40
47	1	41
47	5	43
47	12	44
47	23	47
47	8	48
47	5	49
47	18	52
47	3	53
47	0	54
47	18	55
47	16	56
47	18	57
47	18	58
47	16	59
47	3	60
47	18	61
47	16	63
47	1	64
47	1	65
47	6	66
47	0	68
47	6	69
47	1	70
47	6	71
47	6	72
47	7	73
47	6	74
47	1	75
47	0	76
47	16	77
47	6	78
47	0	79
47	7	80
47	7	82
47	7	83
47	6	84
47	16	85
47	6	87
47	13	88
47	13	89
47	7	90
47	1	91
47	1	92
47	13	93
47	1	94
47	1	95
47	6	96
47	13	97
47	7	98
47	13	100
47	7	101
47	6	102
47	3	103
48	20	0
48	20	1
48	9	2
48	5	3
48	9	4
48	20	5
48	16	6
48	20	7
48	20	9
48	20	10
48	8	11
48	9	12
48	5	13
48	5	14
48	0	15
48	9	16
48	15	18
48	20	19
48	9	20
48	20	21
48	5	23
48	8	25
48	15	26
48	16	27
48	9	29
48	15	30
48	16	31
48	15	32
48	16	33
48	9	34
48	15	35
48	15	36
48	20	37
48	16	38
48	16	41
48	16	42
48	20	43
48	15	44
48	4	45
48	9	46
48	20	49
48	9	50
48	3	52
48	16	54
48	3	55
48	3	57
48	3	58
48	18	60
48	3	61
48	18	62
48	16	64
48	7	65
48	3	66
48	3	67
48	7	68
48	3	69
48	16	70
48	3	71
48	3	72
48	18	73
48	16	75
48	7	76
48	10	77
48	3	78
48	7	79
48	11	80
48	3	81
48	10	83
48	3	84
48	10	85
48	10	86
48	15	88
48	15	89
48	16	91
48	16	92
48	15	93
48	16	94
48	16	95
48	3	96
48	15	97
48	0	98
48	16	99
48	15	100
48	11	101
48	17	102
49	1	0
49	1	1
49	20	2
49	16	3
49	12	4
49	1	5
49	5	6
49	1	7
49	20	8
49	1	9
49	1	10
49	5	11
49	4	12
49	20	15
49	12	16
49	12	17
49	1	19
49	12	20
49	9	21
49	18	22
49	8	23
49	16	24
49	5	25
49	8	26
49	18	27
49	9	28
49	20	29
49	8	30
49	18	31
49	18	33
49	20	34
49	8	35
49	8	36
49	9	37
49	18	38
49	12	39
49	18	40
49	18	41
49	18	42
49	11	43
49	16	44
49	2	45
49	12	46
49	15	47
49	20	48
49	23	49
49	12	50
49	1	51
49	1	52
49	7	53
49	6	54
49	1	55
49	4	56
49	1	58
49	13	59
49	1	61
49	7	62
49	13	63
49	6	64
49	18	65
49	10	66
49	10	67
49	6	68
49	10	69
49	18	70
49	10	71
49	10	72
49	13	73
49	10	74
49	18	75
49	6	76
49	13	77
49	10	78
49	6	79
49	13	80
49	10	81
49	17	82
49	10	84
49	13	85
49	13	86
49	10	87
49	16	88
49	16	89
49	17	90
49	18	91
49	18	92
49	18	94
49	18	95
49	2	96
49	16	97
49	13	98
49	18	99
49	16	100
49	17	101
49	11	102
49	7	103
50	20	0
50	4	1
50	1	2
50	5	3
50	9	4
50	4	5
50	8	6
50	20	7
50	9	8
50	20	10
50	1	12
50	5	13
50	5	14
50	9	15
50	9	16
50	9	17
50	15	18
50	4	19
50	9	20
50	20	21
50	8	22
50	15	23
50	15	24
50	18	26
50	16	27
50	12	28
50	9	29
50	18	30
50	16	31
50	16	33
50	9	34
50	18	35
50	18	36
50	12	37
50	8	38
50	0	39
50	16	40
50	8	41
50	8	42
50	12	43
50	15	44
50	4	45
50	9	46
50	8	47
50	9	48
50	12	49
50	23	50
50	17	51
50	4	52
50	7	54
50	4	55
50	1	56
50	4	57
50	4	58
50	10	59
50	18	60
50	4	61
50	6	62
50	10	63
50	7	65
50	13	66
50	17	67
50	13	69
50	16	70
50	17	71
50	1	73
50	16	75
50	16	76
50	10	77
50	17	78
50	16	79
50	10	80
50	17	81
50	10	82
50	10	83
50	13	84
50	10	85
50	1	86
50	13	87
50	15	88
50	15	89
50	0	90
50	7	91
50	16	92
50	15	93
50	7	94
50	16	95
50	17	96
50	15	97
50	0	98
50	16	99
50	15	100
50	0	101
50	13	102
50	18	103
51	11	0
51	8	2
51	16	3
51	17	4
51	9	5
51	18	6
51	9	7
51	11	9
51	11	10
51	18	11
51	17	12
51	18	13
51	16	14
51	17	15
51	8	16
51	17	17
51	16	18
51	11	19
51	8	20
51	11	21
51	18	22
51	16	23
51	8	24
51	15	25
51	16	26
51	15	27
51	2	28
51	17	29
51	16	30
51	15	31
51	16	32
51	15	33
51	17	34
51	16	35
51	16	36
51	2	37
51	15	38
51	4	39
51	15	40
51	15	41
51	15	42
51	2	43
51	8	44
51	2	45
51	3	46
51	18	47
51	3	48
51	2	49
51	23	51
51	11	52
51	7	53
51	11	55
51	11	57
51	11	58
51	3	59
51	11	61
51	16	62
51	3	63
51	6	64
51	22	65
51	15	68
51	2	69
51	15	70
51	2	71
51	2	72
51	21	73
51	15	75
51	15	76
51	3	77
51	2	78
51	15	79
51	3	80
51	2	81
51	3	82
51	3	83
51	3	85
51	13	86
51	2	87
51	7	88
51	7	89
51	3	90
51	15	91
51	15	92
51	7	93
51	15	94
51	15	95
51	2	96
51	7	97
51	4	98
51	15	99
51	7	100
51	3	101
51	2	102
51	16	103
52	11	0
52	9	1
52	12	2
52	16	3
52	8	4
52	9	5
52	18	6
52	11	7
52	12	8
52	11	9
52	11	10
52	18	11
52	3	12
52	16	13
52	16	14
52	12	15
52	8	16
52	8	17
52	16	18
52	9	19
52	3	20
52	11	21
52	15	22
52	8	23
52	16	24
52	18	25
52	16	26
52	1	28
52	3	29
52	16	30
52	15	31
52	16	32
52	15	33
52	16	36
52	1	37
52	15	38
52	3	39
52	15	40
52	15	42
52	1	43
52	0	45
52	3	46
52	18	47
52	3	48
52	1	49
52	4	50
52	10	51
52	23	52
52	7	53
52	15	54
52	3	56
52	10	57
52	11	58
52	7	59
52	16	60
52	16	62
52	13	63
52	15	65
52	11	66
52	11	67
52	2	69
52	15	70
52	2	71
52	3	73
52	11	74
52	15	75
52	15	76
52	13	77
52	2	78
52	15	79
52	3	80
52	2	81
52	3	82
52	3	83
52	11	84
52	13	85
52	3	86
52	2	87
52	7	89
52	13	90
52	15	91
52	15	92
52	16	93
52	15	94
52	0	96
52	7	97
52	3	98
52	15	99
52	7	100
52	13	101
52	2	102
52	16	103
53	8	0
53	16	1
53	18	2
53	11	3
53	16	5
53	17	6
53	8	7
53	18	8
53	16	9
53	8	10
53	8	11
53	15	12
53	11	13
53	11	14
53	18	15
53	18	16
53	18	17
53	0	18
53	16	19
53	18	20
53	16	21
53	4	22
53	2	23
53	0	24
53	8	25
53	3	27
53	16	28
53	15	29
53	0	32
53	8	33
53	15	34
53	0	35
53	0	36
53	16	37
53	3	38
53	18	39
53	8	40
53	3	41
53	3	42
53	16	43
53	2	44
53	8	45
53	3	47
53	15	48
53	16	49
53	16	52
53	23	53
53	13	54
53	16	55
53	16	57
53	16	58
53	22	59
53	11	60
53	16	61
53	11	62
53	13	64
53	13	65
53	16	66
53	16	67
53	13	68
53	16	69
53	13	70
53	16	72
53	13	75
53	13	76
53	22	77
53	16	78
53	13	79
53	15	80
53	16	81
53	15	83
53	16	84
53	22	85
53	15	86
53	16	87
53	2	88
53	2	89
53	22	90
53	3	91
53	2	93
53	13	95
53	6	96
53	2	97
53	22	98
53	3	99
53	2	100
53	16	102
53	0	103
54	5	0
54	5	1
54	16	2
54	3	3
54	16	4
54	18	5
54	9	6
54	18	7
54	16	8
54	18	9
54	18	10
54	9	11
54	8	12
54	3	13
54	3	14
54	16	15
54	16	16
54	16	17
54	3	18
54	18	19
54	16	20
54	18	21
54	11	22
54	3	23
54	4	24
54	11	25
54	8	26
54	2	27
54	15	28
54	16	29
54	8	30
54	2	31
54	2	32
54	2	33
54	16	34
54	8	35
54	2	36
54	15	37
54	16	39
54	2	40
54	2	41
54	2	42
54	15	45
54	16	46
54	0	47
54	16	48
54	15	49
54	16	50
54	6	52
54	6	55
54	6	57
54	6	58
54	16	59
54	7	60
54	6	61
54	21	62
54	16	63
54	11	64
54	11	65
54	15	66
54	22	67
54	11	68
54	15	69
54	2	70
54	15	71
54	15	72
54	16	73
54	15	74
54	2	75
54	11	76
54	16	77
54	15	78
54	11	79
54	16	80
54	16	82
54	16	83
54	15	84
54	16	85
54	16	86
54	15	87
54	3	88
54	4	89
54	7	90
54	2	91
54	2	92
54	3	93
54	2	94
54	2	95
54	15	96
54	15	97
54	16	98
54	2	99
54	4	100
54	7	101
54	15	102
54	7	103
55	11	0
55	12	1
55	12	2
55	16	3
55	12	4
55	9	5
55	18	6
55	11	7
55	12	8
55	11	9
55	11	10
55	18	11
55	17	12
55	16	13
55	16	14
55	17	16
55	17	17
55	16	18
55	9	19
55	3	20
55	11	21
55	15	22
55	8	23
55	16	24
55	15	25
55	16	26
55	15	27
55	1	28
55	3	29
55	16	30
55	15	31
55	16	32
55	15	33
55	3	34
55	16	35
55	16	36
55	1	37
55	15	38
55	3	39
55	16	40
55	15	41
55	1	43
55	16	44
55	1	45
55	3	46
55	18	47
55	16	48
55	16	49
55	4	50
55	11	52
55	11	53
55	15	54
55	23	55
55	21	56
55	10	57
55	11	58
55	13	59
55	16	60
55	11	61
55	16	62
55	13	63
55	22	64
55	15	65
55	11	66
55	11	67
55	15	68
55	1	69
55	15	70
55	1	71
55	1	72
55	21	73
55	15	75
55	15	76
55	13	77
55	4	78
55	3	79
55	21	80
55	1	81
55	21	82
55	3	83
55	11	84
55	21	85
55	21	86
55	16	88
55	16	89
55	3	90
55	15	91
55	0	92
55	16	93
55	15	94
55	15	95
55	0	96
55	7	97
55	3	98
55	15	99
55	16	100
55	4	101
55	1	102
55	16	103
56	17	0
56	17	1
56	9	2
56	11	4
56	17	5
56	16	6
56	17	7
56	9	8
56	17	9
56	16	11
56	11	12
56	5	13
56	15	14
56	9	15
56	11	17
56	15	18
56	17	19
56	11	20
56	17	21
56	16	22
56	15	23
56	15	24
56	16	25
56	15	26
56	16	27
56	1	29
56	15	30
56	16	31
56	15	32
56	16	33
56	1	34
56	15	35
56	15	36
56	4	37
56	16	38
56	0	39
56	16	40
56	16	41
56	16	42
56	4	43
56	15	44
56	3	45
56	1	46
56	16	47
56	11	48
56	4	49
56	21	51
56	21	52
56	6	53
56	16	54
56	21	55
56	23	56
56	21	57
56	21	58
56	11	59
56	15	60
56	21	61
56	15	62
56	1	63
56	16	64
56	16	65
56	3	66
56	21	67
56	16	68
56	4	69
56	16	70
56	4	71
56	3	72
56	1	73
56	4	74
56	16	75
56	16	76
56	1	77
56	3	78
56	16	79
56	11	80
56	3	81
56	1	82
56	1	83
56	4	84
56	11	85
56	1	86
56	4	87
56	15	88
56	1	90
56	16	91
56	16	92
56	15	93
56	16	94
56	16	95
56	3	96
56	15	100
56	1	101
56	4	102
56	15	103
57	11	0
57	11	1
57	12	2
57	16	3
57	8	4
57	11	5
57	18	6
57	11	7
57	12	8
57	11	9
57	11	10
57	18	11
57	3	12
57	16	13
57	16	14
57	12	15
57	8	16
57	16	18
57	11	19
57	3	20
57	11	21
57	18	22
57	8	23
57	16	24
57	15	25
57	16	26
57	15	27
57	1	28
57	16	30
57	15	31
57	16	32
57	15	33
57	3	34
57	16	35
57	16	36
57	1	37
57	15	38
57	3	39
57	15	40
57	15	41
57	15	42
57	1	43
57	8	44
57	11	45
57	3	46
57	18	47
57	3	48
57	1	49
57	11	52
57	7	53
57	15	54
57	11	55
57	21	56
57	23	57
57	11	58
57	7	59
57	16	60
57	11	61
57	16	62
57	7	63
57	22	64
57	15	65
57	11	66
57	15	68
57	2	69
57	15	70
57	2	71
57	2	72
57	11	74
57	15	75
57	15	76
57	13	77
57	2	78
57	15	79
57	21	80
57	2	81
57	3	82
57	3	83
57	11	84
57	21	85
57	21	86
57	2	87
57	16	88
57	7	89
57	13	90
57	15	91
57	15	92
57	16	93
57	15	94
57	15	95
57	0	96
57	7	97
57	15	99
57	7	100
57	13	101
57	2	102
57	16	103
58	11	0
58	9	1
58	12	2
58	16	3
58	8	4
58	11	7
58	12	8
58	9	9
58	11	10
58	3	12
58	16	13
58	12	15
58	8	16
58	16	18
58	9	19
58	3	20
58	11	21
58	15	22
58	8	23
58	16	24
58	3	25
58	15	27
58	1	28
58	3	29
58	16	30
58	15	31
58	15	33
58	3	34
58	16	35
58	16	36
58	15	37
58	15	38
58	3	39
58	15	40
58	15	42
58	1	43
58	8	44
58	11	45
58	3	46
58	18	47
58	3	48
58	15	49
58	10	51
58	10	52
58	7	53
58	15	54
58	10	55
58	21	56
58	23	58
58	7	59
58	16	60
58	16	62
58	13	63
58	22	64
58	15	65
58	11	66
58	11	67
58	15	68
58	15	70
58	2	71
58	2	72
58	3	73
58	11	74
58	15	75
58	15	76
58	13	77
58	2	78
58	15	79
58	21	80
58	2	81
58	3	83
58	11	84
58	13	85
58	3	86
58	2	87
58	16	88
58	7	89
58	13	90
58	15	91
58	15	92
58	15	94
58	15	95
58	0	96
58	7	97
58	15	99
58	7	100
58	13	101
58	2	102
58	16	103
59	17	0
59	17	1
59	5	3
59	9	4
59	17	5
59	8	6
59	17	7
59	9	8
59	17	9
59	17	10
59	9	12
59	5	13
59	5	14
59	9	15
59	11	16
59	9	17
59	15	18
59	17	19
59	17	21
59	16	22
59	18	23
59	15	24
59	16	25
59	15	26
59	16	27
59	8	28
59	15	29
59	15	30
59	16	31
59	15	32
59	16	33
59	15	35
59	15	36
59	8	37
59	16	38
59	0	39
59	16	40
59	16	41
59	16	42
59	8	43
59	15	44
59	4	45
59	11	46
59	8	47
59	11	48
59	16	49
59	11	50
59	13	52
59	22	53
59	7	54
59	7	55
59	10	56
59	13	57
59	13	58
59	23	59
59	22	60
59	6	62
59	11	63
59	16	64
59	7	65
59	7	66
59	13	67
59	16	68
59	7	69
59	16	70
59	7	71
59	7	72
59	11	73
59	21	74
59	16	75
59	16	76
59	11	77
59	7	78
59	16	79
59	11	80
59	7	81
59	11	82
59	11	83
59	7	84
59	11	85
59	11	86
59	7	87
59	15	88
59	2	90
59	16	91
59	16	92
59	15	93
59	16	94
59	16	95
59	7	96
59	15	97
59	0	98
59	15	100
59	7	102
59	15	103
60	8	0
60	8	1
60	9	3
60	9	4
60	8	5
60	12	6
60	8	7
60	5	8
60	8	9
60	12	11
60	5	12
60	1	13
60	9	14
60	5	15
60	18	16
60	18	17
60	11	18
60	8	19
60	15	20
60	16	21
60	17	22
60	11	23
60	1	24
60	3	25
60	3	27
60	16	28
60	15	29
60	11	30
60	3	31
60	11	32
60	3	33
60	15	34
60	11	35
60	11	36
60	16	37
60	14	38
60	15	39
60	4	41
60	14	42
60	1	44
60	16	45
60	15	46
60	3	47
60	18	48
60	16	49
60	18	50
60	7	51
60	7	52
60	10	53
60	24	54
60	7	55
60	7	57
60	7	58
60	22	59
60	23	60
60	7	61
60	10	62
60	10	63
60	21	64
60	21	65
60	16	66
60	16	67
60	21	68
60	16	69
60	7	70
60	16	71
60	16	72
60	15	73
60	16	74
60	21	75
60	21	76
60	22	77
60	16	78
60	10	80
60	16	81
60	15	82
60	15	83
60	16	84
60	15	85
60	15	86
60	16	87
60	1	88
60	1	89
60	15	90
60	21	91
60	21	92
60	21	94
60	16	96
60	1	97
60	15	98
60	21	99
60	1	100
60	15	101
60	16	102
60	11	103
61	11	0
61	11	1
61	12	2
61	16	3
61	8	4
61	9	5
61	18	6
61	11	7
61	12	8
61	11	9
61	11	10
61	20	12
61	16	13
61	16	14
61	12	15
61	8	17
61	16	18
61	9	19
61	3	20
61	11	21
61	15	22
61	8	23
61	16	24
61	15	25
61	16	26
61	15	27
61	1	28
61	3	29
61	16	30
61	15	31
61	16	32
61	15	33
61	3	34
61	16	35
61	16	36
61	1	37
61	15	38
61	3	39
61	15	40
61	15	42
61	1	43
61	8	44
61	11	45
61	3	46
61	18	47
61	3	48
61	1	49
61	10	51
61	11	52
61	7	53
61	15	54
61	10	55
61	21	56
61	10	57
61	11	58
61	16	60
61	23	61
61	16	62
61	22	64
61	15	65
61	11	66
61	11	67
61	1	69
61	15	70
61	11	74
61	15	75
61	15	76
61	13	77
61	1	78
61	15	79
61	3	80
61	1	81
61	3	82
61	3	83
61	11	84
61	13	85
61	3	86
61	1	87
61	16	88
61	15	91
61	15	92
61	16	93
61	15	94
61	15	95
61	0	96
61	7	97
61	3	98
61	7	100
61	1	102
62	8	0
62	7	1
62	18	2
62	9	3
62	15	4
62	8	5
62	17	6
62	8	7
62	18	8
62	8	9
62	8	10
62	17	11
62	5	12
62	9	13
62	11	14
62	18	15
62	15	16
62	15	17
62	11	18
62	8	19
62	15	20
62	8	21
62	16	22
62	11	23
62	11	24
62	8	25
62	11	26
62	16	27
62	16	28
62	18	29
62	11	30
62	16	31
62	11	32
62	16	33
62	18	34
62	11	35
62	11	36
62	16	37
62	8	38
62	15	39
62	16	40
62	8	41
62	8	42
62	16	43
62	2	44
62	8	45
62	15	46
62	3	47
62	15	48
62	16	49
62	15	50
62	7	51
62	7	52
62	10	53
62	7	55
62	6	56
62	7	57
62	7	58
62	15	59
62	10	60
62	7	61
62	23	62
62	15	63
62	21	64
62	13	65
62	16	66
62	7	67
62	7	68
62	7	70
62	16	71
62	16	72
62	15	73
62	16	74
62	7	75
62	7	76
62	15	77
62	16	78
62	7	79
62	15	80
62	16	81
62	22	82
62	15	83
62	16	84
62	15	85
62	15	86
62	16	87
62	2	88
62	15	90
62	7	91
62	13	92
62	2	93
62	7	95
62	16	96
62	2	97
62	15	98
62	13	99
62	2	100
62	15	101
62	16	102
62	11	103
63	17	0
63	4	1
63	1	2
63	5	3
63	9	4
63	4	5
63	8	6
63	17	7
63	9	8
63	4	9
63	17	10
63	8	11
63	5	13
63	5	14
63	9	16
63	9	17
63	15	18
63	9	20
63	17	21
63	8	22
63	15	23
63	15	24
63	16	25
63	18	26
63	8	28
63	11	29
63	18	30
63	16	31
63	18	32
63	16	33
63	11	34
63	18	35
63	18	36
63	8	37
63	16	38
63	0	39
63	16	40
63	16	41
63	16	42
63	8	43
63	4	45
63	11	46
63	8	47
63	11	48
63	8	49
63	3	51
63	4	52
63	22	53
63	7	54
63	4	55
63	1	56
63	4	57
63	4	58
63	10	59
63	21	60
63	4	61
63	6	62
63	23	63
63	7	65
63	21	67
63	16	68
63	7	69
63	16	70
63	7	71
63	7	72
63	11	73
63	21	74
63	16	75
63	16	76
63	11	77
63	7	78
63	16	79
63	11	80
63	7	81
63	11	82
63	11	83
63	7	84
63	11	85
63	11	86
63	7	87
63	15	89
63	0	90
63	16	91
63	16	92
63	15	93
63	16	94
63	16	95
63	7	96
63	15	97
63	0	98
63	16	99
63	15	100
63	2	101
63	7	102
63	22	103
64	5	0
64	5	1
64	8	2
64	4	3
64	8	4
64	18	5
64	9	6
64	5	7
64	8	8
64	5	9
64	5	10
64	9	11
64	8	12
64	4	13
64	17	14
64	8	15
64	8	16
64	8	17
64	17	18
64	8	20
64	5	21
64	12	23
64	8	24
64	9	25
64	17	26
64	11	27
64	15	28
64	8	29
64	17	30
64	17	32
64	11	33
64	8	34
64	17	35
64	17	36
64	15	37
64	1	38
64	16	39
64	11	40
64	11	41
64	2	42
64	15	43
64	8	44
64	15	45
64	16	46
64	2	47
64	15	49
64	8	50
64	6	51
64	6	52
64	3	53
64	10	54
64	22	55
64	22	57
64	6	58
64	7	59
64	13	60
64	22	61
64	3	62
64	7	63
64	23	64
64	1	65
64	22	67
64	10	68
64	15	69
64	10	70
64	15	71
64	22	72
64	7	73
64	22	74
64	11	75
64	10	76
64	7	77
64	10	79
64	7	80
64	22	81
64	7	82
64	15	84
64	16	85
64	7	86
64	15	87
64	13	89
64	2	91
64	11	92
64	11	95
64	15	96
64	13	97
64	16	98
64	11	99
64	13	100
64	15	102
64	21	103
65	5	0
65	5	1
65	8	2
65	17	3
65	16	4
65	5	5
65	5	7
65	8	8
65	5	9
65	5	10
65	9	11
65	8	12
65	17	13
65	12	14
65	8	15
65	16	16
65	16	17
65	12	18
65	5	19
65	16	20
65	5	21
65	11	22
65	8	23
65	17	24
65	11	25
65	18	28
65	16	29
65	8	30
65	8	32
65	11	33
65	16	34
65	8	35
65	18	37
65	11	38
65	16	39
65	1	40
65	1	41
65	11	42
65	18	43
65	3	44
65	15	45
65	16	46
65	1	47
65	16	48
65	16	50
65	22	51
65	7	53
65	10	54
65	6	55
65	7	56
65	6	57
65	6	58
65	16	59
65	21	60
65	6	61
65	13	62
65	16	63
65	1	64
65	23	65
65	15	66
65	6	67
65	11	68
65	22	69
65	11	70
65	22	71
65	15	72
65	16	73
65	15	74
65	11	75
65	11	76
65	16	77
65	15	78
65	11	79
65	16	80
65	15	81
65	16	82
65	16	83
65	15	84
65	16	85
65	7	86
65	22	87
65	21	89
65	16	90
65	1	92
65	3	93
65	11	94
65	11	95
65	15	96
65	16	98
65	3	100
65	16	101
65	22	102
66	1	0
66	9	1
66	8	3
66	17	4
66	9	5
66	5	6
66	1	7
66	3	8
66	9	9
66	1	10
66	5	11
66	8	12
66	8	13
66	8	14
66	3	15
66	17	16
66	17	17
66	8	18
66	9	19
66	17	20
66	9	21
66	5	22
66	8	23
66	5	25
66	8	26
66	15	27
66	9	28
66	8	29
66	8	30
66	8	32
66	15	33
66	8	34
66	8	35
66	8	36
66	9	37
66	15	38
66	12	39
66	18	40
66	15	41
66	15	42
66	11	44
66	2	45
66	8	46
66	15	47
66	3	48
66	11	49
66	1	51
66	10	52
66	6	54
66	10	55
66	3	56
66	10	57
66	10	58
66	13	59
66	7	60
66	10	61
66	7	62
66	13	63
66	6	64
66	6	65
66	23	66
66	6	68
66	10	69
66	22	70
66	11	72
66	13	73
66	22	75
66	6	76
66	13	77
66	11	78
66	6	79
66	3	80
66	11	81
66	7	82
66	7	83
66	11	84
66	21	85
66	13	86
66	10	87
66	16	89
66	7	90
66	15	91
66	22	92
66	16	93
66	15	94
66	22	95
66	2	96
66	16	97
66	13	98
66	15	99
66	16	100
66	13	101
66	11	102
66	7	103
67	9	1
67	17	2
67	8	3
67	8	4
67	9	5
67	18	6
67	9	7
67	12	8
67	9	9
67	9	10
67	5	11
67	18	12
67	8	13
67	16	14
67	12	15
67	8	16
67	8	17
67	16	18
67	9	19
67	3	20
67	9	21
67	15	22
67	8	23
67	15	25
67	16	26
67	15	27
67	11	28
67	16	30
67	15	31
67	16	32
67	15	33
67	3	34
67	16	35
67	16	36
67	11	37
67	15	38
67	4	39
67	15	40
67	15	41
67	15	42
67	11	43
67	16	44
67	0	45
67	4	46
67	15	47
67	11	49
67	17	50
67	10	51
67	10	52
67	7	53
67	22	54
67	10	55
67	3	56
67	10	57
67	10	58
67	7	59
67	7	60
67	21	63
67	22	64
67	15	65
67	11	66
67	23	67
67	15	68
67	11	69
67	15	70
67	11	71
67	3	73
67	11	74
67	15	75
67	15	76
67	21	77
67	3	80
67	11	81
67	3	82
67	4	83
67	11	84
67	7	85
67	3	86
67	11	87
67	16	88
67	16	89
67	7	90
67	15	91
67	16	93
67	15	95
67	2	96
67	16	97
67	15	99
67	16	100
67	4	101
67	11	102
67	16	103
68	5	0
68	8	1
68	16	2
68	3	3
68	9	4
68	18	5
68	9	6
68	5	7
68	8	8
68	18	9
68	5	10
68	9	11
68	8	12
68	12	13
68	8	15
68	8	16
68	8	17
68	17	18
68	16	20
68	5	21
68	9	22
68	8	23
68	11	25
68	12	26
68	11	27
68	15	28
68	16	29
68	12	30
68	12	32
68	11	33
68	12	35
68	12	36
68	15	37
68	2	38
68	16	39
68	11	40
68	2	41
68	2	42
68	15	43
68	4	44
68	15	45
68	2	47
68	8	48
68	15	49
68	6	51
68	6	52
68	13	53
68	10	54
68	6	55
68	7	56
68	6	57
68	6	58
68	7	59
68	21	60
68	6	61
68	13	62
68	7	63
68	10	64
68	10	65
68	15	66
68	6	67
68	15	69
68	10	70
68	15	71
68	15	72
68	16	73
68	22	74
68	11	75
68	11	76
68	15	78
68	11	79
68	15	81
68	16	82
68	16	83
68	15	84
68	7	85
68	16	86
68	15	87
68	4	88
68	4	89
68	7	90
68	11	92
68	4	93
68	10	94
68	11	95
68	15	96
68	4	97
68	16	98
68	11	99
68	4	100
68	16	101
68	13	103
69	1	0
69	1	1
69	3	2
69	16	3
69	12	4
69	1	5
69	5	6
69	1	7
69	17	8
69	1	9
69	1	10
69	4	12
69	8	13
69	17	15
69	12	16
69	17	17
69	8	18
69	1	19
69	12	20
69	1	21
69	18	22
69	8	23
69	16	24
69	5	25
69	8	26
69	18	27
69	11	28
69	3	29
69	8	30
69	18	31
69	8	32
69	18	33
69	3	34
69	8	35
69	11	37
69	18	38
69	8	39
69	13	40
69	18	41
69	18	42
69	11	43
69	16	44
69	2	45
69	8	46
69	15	47
69	3	48
69	11	49
69	12	50
69	1	51
69	1	52
69	7	53
69	6	54
69	1	55
69	1	57
69	13	59
69	7	60
69	1	61
69	7	62
69	22	65
69	11	66
69	10	67
69	6	68
69	23	69
69	11	71
69	10	72
69	13	73
69	11	74
69	15	75
69	6	76
69	13	77
69	10	78
69	6	79
69	3	80
69	10	81
69	3	82
69	7	83
69	11	84
69	13	85
69	13	86
69	11	87
69	16	88
69	16	89
69	13	90
69	22	91
69	22	92
69	16	93
69	22	94
69	22	95
69	2	96
69	16	97
69	7	98
69	22	99
69	16	100
69	13	101
69	11	102
69	7	103
70	5	0
70	5	1
70	8	2
70	12	3
70	8	4
70	5	5
70	1	6
70	5	7
70	5	9
70	5	10
70	8	12
70	12	14
70	8	15
70	8	16
70	8	17
70	12	18
70	5	19
70	8	20
70	5	21
70	12	23
70	17	24
70	11	25
70	12	26
70	18	28
70	16	29
70	12	30
70	11	31
70	16	34
70	12	35
70	12	36
70	18	37
70	11	38
70	11	40
70	11	41
70	11	42
70	18	43
70	3	44
70	15	45
70	16	46
70	1	47
70	8	50
70	6	51
70	6	52
70	13	53
70	1	54
70	6	55
70	7	56
70	6	57
70	6	58
70	7	59
70	6	61
70	7	63
70	11	64
70	11	65
70	22	66
70	6	67
70	11	68
70	23	70
70	22	71
70	22	72
70	16	73
70	22	74
70	11	75
70	11	76
70	22	78
70	11	79
70	16	80
70	22	81
70	16	82
70	16	83
70	22	84
70	7	85
70	16	86
70	22	87
70	7	88
70	21	89
70	16	90
70	11	91
70	11	92
70	7	93
70	11	95
70	15	96
70	21	97
70	16	98
70	11	99
70	21	100
70	16	101
70	13	103
71	1	0
71	1	1
71	3	2
71	8	3
71	12	4
71	1	5
71	1	7
71	3	8
71	1	9
71	1	10
71	5	11
71	4	12
71	19	13
71	8	14
71	3	15
71	12	16
71	12	17
71	8	18
71	1	19
71	12	20
71	9	21
71	18	22
71	8	23
71	8	24
71	5	25
71	8	26
71	18	27
71	11	28
71	17	29
71	18	31
71	8	32
71	18	33
71	17	34
71	8	36
71	11	37
71	18	38
71	3	39
71	18	40
71	18	41
71	18	42
71	11	43
71	16	44
71	2	45
71	12	46
71	15	47
71	3	48
71	11	49
71	17	50
71	1	52
71	7	53
71	6	54
71	1	55
71	4	56
71	1	57
71	1	58
71	13	59
71	16	60
71	1	61
71	7	62
71	13	63
71	6	64
71	22	65
71	11	66
71	10	67
71	6	68
71	10	69
71	22	70
71	23	71
71	10	72
71	13	73
71	11	74
71	22	75
71	6	76
71	13	77
71	10	78
71	3	80
71	10	81
71	3	82
71	13	83
71	13	85
71	3	86
71	11	87
71	16	88
71	16	89
71	3	90
71	22	91
71	16	93
71	22	94
71	22	95
71	2	96
71	16	97
71	13	98
71	22	99
71	16	100
71	3	101
71	11	102
71	7	103
72	8	0
72	1	1
72	3	2
72	8	3
72	17	4
72	1	5
72	1	7
72	17	8
72	1	9
72	1	10
72	5	11
72	4	12
72	16	13
72	8	14
72	17	15
72	17	16
72	17	17
72	8	18
72	1	19
72	12	20
72	9	21
72	5	22
72	8	23
72	16	24
72	5	25
72	8	26
72	18	27
72	9	28
72	12	29
72	8	30
72	18	31
72	8	32
72	18	33
72	12	34
72	8	35
72	8	36
72	9	37
72	18	38
72	12	39
72	18	40
72	18	41
72	18	42
72	16	44
72	11	45
72	12	46
72	15	47
72	12	48
72	11	49
72	17	50
72	1	52
72	7	53
72	6	54
72	3	56
72	1	57
72	1	58
72	13	59
72	7	60
72	1	61
72	7	62
72	13	63
72	6	64
72	10	66
72	10	67
72	6	68
72	22	70
72	10	71
72	23	72
72	13	73
72	10	74
72	22	75
72	6	76
72	11	78
72	6	79
72	13	80
72	11	81
72	13	82
72	13	83
72	10	84
72	13	85
72	13	86
72	10	87
72	16	88
72	16	89
72	13	90
72	22	91
72	22	92
72	16	93
72	22	94
72	22	95
72	11	96
72	16	97
72	13	98
72	22	99
72	16	100
72	13	101
72	11	102
72	7	103
73	4	0
73	17	1
73	0	2
73	5	3
73	1	4
73	17	5
73	8	6
73	17	9
73	4	10
73	8	11
73	18	13
73	5	14
73	1	17
73	5	18
73	17	19
73	9	20
73	4	21
73	8	22
73	18	23
73	15	24
73	8	25
73	18	26
73	16	27
73	17	28
73	9	29
73	18	30
73	16	31
73	18	32
73	16	33
73	9	34
73	17	37
73	16	38
73	11	39
73	16	40
73	16	41
73	16	42
73	17	43
73	18	44
73	12	45
73	11	46
73	8	47
73	9	48
73	17	49
73	1	50
73	13	51
73	21	52
73	6	53
73	21	55
73	1	56
73	21	57
73	21	58
73	10	59
73	6	60
73	21	61
73	6	62
73	10	63
73	7	64
73	7	65
73	13	66
73	13	67
73	7	68
73	21	69
73	7	70
73	21	71
73	13	72
73	23	73
73	13	74
73	7	76
73	10	77
73	13	78
73	7	79
73	10	80
73	13	81
73	10	82
73	11	83
73	13	84
73	10	85
73	21	87
73	15	88
73	22	89
73	2	90
73	16	91
73	16	92
73	15	93
73	16	95
73	21	96
73	22	97
73	11	98
73	16	99
73	22	100
73	2	101
73	21	102
73	22	103
74	1	0
74	9	1
74	3	2
74	8	3
74	9	5
74	5	6
74	9	7
74	17	8
74	9	9
74	9	10
74	18	11
74	8	12
74	8	13
74	8	14
74	17	15
74	17	16
74	17	17
74	16	18
74	9	19
74	17	20
74	9	21
74	18	22
74	16	24
74	18	25
74	16	26
74	15	27
74	9	28
74	12	29
74	16	30
74	15	31
74	16	32
74	15	33
74	12	34
74	16	35
74	16	36
74	15	38
74	3	39
74	15	40
74	15	42
74	9	43
74	16	44
74	2	45
74	12	46
74	15	47
74	3	48
74	9	49
74	17	50
74	10	51
74	10	52
74	7	53
74	6	54
74	10	55
74	4	56
74	10	57
74	10	58
74	21	59
74	7	60
74	10	61
74	7	62
74	21	63
74	22	64
74	6	65
74	10	66
74	10	67
74	10	69
74	15	70
74	10	71
74	11	72
74	21	73
74	23	74
74	15	75
74	22	76
74	21	77
74	11	78
74	3	80
74	11	81
74	13	82
74	13	83
74	10	84
74	21	85
74	21	86
74	10	87
74	16	88
74	16	89
74	21	90
74	15	91
74	15	92
74	16	93
74	15	94
74	15	95
74	2	96
74	16	97
74	3	98
74	15	99
74	16	100
74	4	101
74	10	102
75	5	0
75	5	1
75	4	3
75	8	4
75	5	5
75	1	6
75	5	7
75	16	8
75	5	9
75	5	10
75	8	12
75	4	13
75	4	14
75	16	15
75	8	16
75	8	17
75	16	18
75	5	19
75	8	20
75	5	21
75	17	23
75	17	24
75	9	25
75	12	26
75	9	27
75	18	28
75	8	29
75	12	30
75	9	31
75	12	32
75	9	33
75	8	34
75	12	35
75	12	36
75	18	37
75	9	38
75	11	40
75	9	41
75	18	43
75	15	44
75	15	45
75	16	46
75	2	47
75	8	48
75	6	51
75	6	52
75	13	53
75	1	54
75	6	55
75	7	56
75	6	57
75	6	58
75	7	59
75	13	60
75	6	61
75	13	62
75	7	63
75	10	64
75	10	65
75	22	66
75	6	67
75	10	68
75	22	69
75	10	70
75	22	71
75	22	72
75	7	73
75	23	75
75	10	76
75	7	77
75	22	78
75	10	79
75	7	80
75	22	81
75	7	82
75	16	83
75	22	84
75	7	85
75	7	86
75	22	87
75	7	88
75	7	89
75	16	90
75	10	91
75	11	92
75	7	93
75	10	94
75	11	95
75	15	96
75	7	97
75	16	98
75	10	99
75	7	100
75	16	101
75	22	102
75	13	103
76	5	0
76	18	1
76	16	2
76	3	3
76	8	4
76	18	5
76	9	6
76	5	7
76	8	8
76	18	9
76	5	10
76	9	11
76	8	12
76	12	13
76	12	14
76	8	15
76	8	17
76	17	18
76	18	19
76	5	21
76	9	22
76	8	23
76	8	24
76	11	25
76	12	26
76	11	27
76	15	28
76	16	29
76	8	30
76	11	31
76	12	32
76	11	33
76	12	35
76	12	36
76	15	37
76	2	38
76	16	39
76	11	40
76	2	41
76	2	42
76	15	43
76	4	44
76	15	45
76	16	46
76	0	47
76	8	48
76	15	49
76	8	50
76	6	51
76	6	52
76	13	53
76	10	54
76	6	55
76	7	56
76	6	57
76	6	58
76	7	59
76	21	60
76	6	61
76	10	64
76	10	65
76	15	66
76	6	67
76	10	68
76	15	69
76	11	70
76	15	71
76	16	73
76	22	74
76	11	75
76	23	76
76	7	77
76	15	78
76	7	80
76	15	81
76	16	83
76	15	84
76	7	85
76	16	86
76	15	87
76	4	88
76	7	90
76	2	91
76	11	92
76	4	93
76	10	94
76	11	95
76	15	96
76	4	97
76	16	98
76	11	99
76	4	100
76	16	101
76	15	102
76	13	103
77	17	0
77	4	1
77	1	2
77	5	3
77	4	5
77	9	8
77	17	10
77	8	11
77	1	12
77	9	15
77	9	16
77	9	17
77	15	18
77	4	19
77	17	21
77	8	22
77	15	23
77	15	24
77	16	25
77	18	26
77	8	28
77	11	29
77	18	30
77	16	31
77	18	32
77	16	33
77	11	34
77	18	35
77	18	36
77	16	40
77	16	41
77	16	42
77	8	43
77	11	46
77	8	47
77	11	48
77	8	49
77	9	50
77	3	51
77	4	52
77	22	53
77	4	55
77	1	56
77	4	58
77	10	59
77	22	60
77	4	61
77	6	62
77	10	63
77	16	64
77	7	65
77	7	66
77	21	67
77	16	68
77	7	69
77	16	70
77	7	71
77	7	72
77	21	74
77	16	75
77	16	76
77	23	77
77	7	78
77	16	79
77	11	80
77	7	81
77	11	83
77	7	84
77	11	86
77	7	87
77	15	88
77	15	89
77	0	90
77	16	91
77	16	92
77	15	93
77	16	94
77	16	95
77	15	97
77	0	98
77	16	99
77	15	100
77	2	101
77	7	102
77	22	103
78	1	0
78	1	1
78	3	2
78	8	3
78	14	4
78	1	5
78	5	6
78	1	7
78	17	8
78	1	9
78	1	10
78	5	11
78	4	12
78	16	13
78	8	14
78	16	15
78	14	16
78	14	17
78	8	18
78	1	19
78	12	20
78	5	22
78	8	23
78	8	26
78	18	27
78	9	28
78	11	29
78	8	30
78	18	31
78	8	32
78	18	33
78	14	34
78	8	36
78	9	37
78	18	38
78	14	39
78	18	40
78	18	41
78	18	42
78	11	43
78	16	44
78	11	45
78	14	46
78	15	47
78	12	48
78	11	49
78	14	50
78	1	51
78	1	52
78	7	53
78	3	56
78	1	57
78	1	58
78	13	59
78	7	60
78	1	61
78	7	62
78	13	63
78	22	64
78	6	65
78	10	66
78	10	67
78	6	68
78	10	69
78	22	70
78	10	72
78	13	73
78	10	74
78	22	75
78	6	76
78	13	77
78	23	78
78	6	79
78	13	80
78	11	81
78	13	82
78	13	83
78	13	86
78	16	88
78	16	89
78	22	91
78	22	92
78	16	93
78	22	94
78	22	95
78	11	96
78	16	97
78	13	98
78	22	99
78	16	100
78	13	101
78	11	102
78	7	103
79	5	0
79	18	1
79	16	2
79	8	4
79	18	5
79	9	6
79	5	7
79	18	9
79	5	10
79	8	12
79	12	13
79	12	14
79	8	15
79	8	16
79	8	17
79	17	18
79	18	19
79	16	20
79	5	21
79	9	22
79	8	23
79	8	24
79	12	26
79	11	27
79	16	29
79	8	30
79	11	31
79	12	32
79	11	33
79	16	34
79	12	35
79	12	36
79	15	37
79	16	39
79	11	40
79	2	41
79	2	42
79	15	43
79	4	44
79	15	45
79	16	46
79	0	47
79	8	48
79	15	49
79	8	50
79	6	51
79	6	52
79	13	53
79	10	54
79	7	56
79	6	58
79	21	60
79	6	61
79	7	63
79	10	64
79	10	65
79	15	66
79	6	67
79	10	68
79	15	69
79	11	70
79	15	71
79	15	72
79	16	73
79	11	75
79	10	76
79	7	77
79	15	78
79	23	79
79	7	80
79	15	81
79	16	82
79	16	83
79	15	84
79	16	86
79	15	87
79	4	88
79	4	89
79	7	90
79	2	91
79	11	92
79	4	93
79	10	94
79	11	95
79	15	96
79	4	97
79	16	98
79	11	99
79	4	100
79	16	101
79	15	102
79	13	103
80	3	0
80	3	1
80	9	2
80	5	3
80	18	4
80	3	5
80	16	6
80	3	7
80	0	8
80	3	9
80	3	10
80	8	11
80	9	12
80	5	13
80	5	14
80	0	15
80	9	16
80	9	17
80	15	18
80	3	19
80	9	20
80	13	21
80	8	22
80	5	23
80	18	24
80	15	26
80	16	27
80	3	28
80	9	29
80	15	30
80	16	31
80	15	32
80	16	33
80	9	34
80	15	35
80	15	36
80	3	37
80	16	38
80	0	39
80	16	40
80	16	41
80	16	42
80	12	43
80	15	44
80	12	45
80	11	46
80	16	47
80	9	48
80	12	49
80	9	50
80	3	52
80	22	53
80	7	54
80	3	55
80	10	56
80	3	58
80	10	59
80	22	60
80	3	61
80	6	62
80	10	63
80	16	64
80	7	65
80	3	66
80	13	67
80	16	68
80	3	69
80	3	71
80	13	72
80	11	73
80	3	74
80	16	75
80	16	76
80	10	77
80	16	79
80	23	80
80	13	81
80	10	82
80	11	83
80	3	84
80	11	85
80	11	86
80	3	87
80	15	88
80	15	89
80	16	91
80	16	92
80	15	93
80	16	94
80	15	97
80	0	98
80	15	100
80	11	101
80	13	102
80	15	103
81	1	0
81	1	1
81	3	2
81	8	3
81	20	4
81	1	5
81	5	6
81	1	7
81	20	8
81	1	9
81	1	10
81	5	11
81	4	12
81	16	13
81	20	16
81	20	17
81	8	18
81	1	19
81	12	20
81	9	21
81	5	22
81	8	23
81	16	24
81	5	25
81	18	27
81	11	28
81	14	29
81	8	30
81	18	31
81	8	32
81	18	33
81	8	35
81	8	36
81	11	37
81	18	38
81	12	39
81	18	40
81	18	41
81	11	43
81	16	44
81	11	45
81	15	47
81	14	48
81	11	49
81	1	51
81	1	52
81	7	53
81	6	54
81	1	55
81	3	56
81	1	57
81	1	58
81	13	59
81	7	60
81	1	61
81	7	62
81	13	63
81	6	64
81	6	65
81	10	66
81	10	67
81	6	68
81	11	69
81	22	70
81	11	71
81	10	72
81	13	73
81	11	74
81	22	75
81	13	77
81	10	78
81	6	79
81	13	80
81	23	81
81	13	82
81	7	83
81	10	84
81	13	85
81	13	86
81	11	87
81	16	88
81	16	89
81	13	90
81	22	91
81	22	92
81	16	93
81	22	95
81	16	97
81	13	98
81	22	99
81	13	101
81	11	102
81	7	103
82	4	0
82	17	1
82	9	2
82	5	3
82	9	4
82	4	5
82	8	6
82	4	7
82	1	8
82	4	9
82	4	10
82	5	13
82	5	14
82	1	15
82	9	16
82	9	17
82	4	19
82	4	21
82	8	22
82	5	23
82	5	24
82	8	25
82	5	26
82	16	27
82	3	28
82	11	29
82	5	30
82	16	31
82	5	32
82	16	33
82	11	34
82	5	35
82	5	36
82	3	37
82	16	38
82	11	39
82	16	40
82	16	41
82	16	42
82	3	43
82	15	44
82	14	45
82	11	46
82	16	47
82	11	48
82	3	49
82	9	50
82	3	51
82	3	52
82	6	53
82	7	54
82	3	55
82	1	56
82	3	57
82	10	59
82	3	61
82	22	62
82	10	63
82	16	64
82	13	66
82	3	67
82	7	68
82	21	69
82	21	71
82	13	72
82	11	73
82	3	74
82	16	75
82	7	76
82	10	77
82	13	78
82	7	79
82	11	80
82	13	81
82	11	83
82	13	84
82	10	85
82	11	86
82	21	87
82	15	88
82	15	89
82	11	90
82	16	91
82	16	92
82	15	93
82	16	94
82	16	95
82	3	96
82	15	97
82	11	98
82	16	99
82	15	100
82	11	101
82	3	102
82	6	103
83	4	0
83	4	1
83	1	2
83	5	3
83	9	4
83	4	5
83	8	6
83	4	7
83	1	8
83	4	9
83	4	10
83	8	11
83	0	12
83	5	13
83	5	14
83	1	15
83	9	16
83	9	17
83	5	18
83	4	19
83	9	20
83	4	21
83	8	22
83	5	23
83	5	24
83	8	25
83	5	26
83	8	27
83	17	28
83	9	29
83	5	30
83	8	31
83	5	32
83	8	33
83	9	34
83	5	35
83	5	36
83	17	37
83	8	38
83	11	39
83	8	40
83	8	41
83	8	42
83	15	44
83	12	45
83	11	46
83	16	47
83	9	48
83	17	49
83	9	50
83	3	52
83	6	53
83	7	54
83	3	55
83	1	56
83	3	57
83	3	58
83	6	60
83	3	61
83	6	62
83	10	63
83	7	64
83	7	65
83	13	66
83	3	67
83	7	68
83	21	69
83	7	70
83	21	71
83	21	72
83	10	73
83	21	74
83	7	75
83	10	77
83	21	78
83	7	79
83	21	81
83	10	82
83	23	83
83	13	84
83	10	85
83	7	87
83	15	89
83	11	90
83	7	91
83	7	92
83	15	93
83	7	94
83	7	95
83	13	96
83	15	97
83	11	98
83	7	99
83	15	100
83	11	101
83	21	102
83	6	103
84	1	0
84	9	1
84	3	2
84	8	3
84	9	5
84	5	6
84	3	8
84	9	9
84	1	10
84	8	12
84	8	13
84	8	14
84	3	15
84	17	16
84	17	17
84	8	18
84	9	19
84	17	20
84	9	21
84	5	22
84	8	23
84	5	25
84	15	27
84	9	28
84	8	29
84	15	31
84	8	32
84	15	33
84	8	34
84	8	35
84	8	36
84	9	37
84	15	38
84	8	39
84	18	40
84	15	41
84	11	43
84	16	44
84	2	45
84	8	46
84	15	47
84	3	48
84	11	49
84	12	50
84	1	51
84	10	52
84	7	53
84	6	54
84	10	55
84	3	56
84	10	58
84	13	59
84	7	60
84	10	61
84	7	62
84	6	64
84	6	65
84	10	66
84	10	67
84	6	68
84	10	69
84	10	71
84	11	72
84	13	73
84	6	76
84	13	77
84	11	78
84	6	79
84	3	80
84	11	81
84	13	83
84	23	84
84	21	85
84	13	86
84	10	87
84	16	88
84	16	89
84	13	90
84	15	91
84	22	92
84	16	93
84	15	94
84	22	95
84	2	96
84	16	97
84	13	98
84	15	99
84	16	100
84	13	101
84	11	102
84	7	103
85	17	1
85	1	2
85	5	3
85	9	4
85	17	5
85	8	6
85	17	7
85	17	9
85	17	10
85	8	11
85	9	12
85	5	13
85	5	14
85	9	15
85	9	16
85	15	18
85	17	19
85	17	21
85	8	22
85	15	23
85	15	24
85	15	26
85	16	27
85	12	28
85	11	29
85	15	30
85	15	32
85	16	33
85	11	34
85	15	35
85	15	36
85	12	37
85	16	38
85	0	39
85	16	40
85	16	42
85	12	43
85	4	44
85	4	45
85	8	47
85	11	48
85	12	49
85	9	50
85	3	51
85	13	52
85	22	53
85	7	54
85	10	56
85	13	57
85	10	59
85	22	60
85	6	62
85	10	63
85	7	64
85	7	65
85	13	66
85	13	67
85	16	68
85	13	69
85	16	70
85	13	71
85	13	72
85	11	73
85	13	74
85	16	75
85	16	76
85	10	77
85	13	78
85	13	81
85	11	82
85	11	83
85	13	84
85	23	85
85	11	86
85	22	87
85	15	88
85	15	89
85	0	90
85	16	91
85	16	92
85	15	93
85	16	94
85	16	95
85	21	96
85	15	97
85	0	98
85	16	99
85	15	100
85	2	101
85	13	102
85	15	103
86	4	0
86	0	2
86	1	4
86	17	5
86	8	6
86	17	9
86	4	10
86	8	11
86	1	12
86	18	13
86	5	14
86	1	15
86	1	16
86	1	17
86	5	18
86	17	19
86	9	20
86	4	21
86	8	22
86	18	23
86	15	24
86	8	25
86	16	27
86	17	28
86	9	29
86	18	30
86	16	31
86	18	32
86	16	33
86	9	34
86	18	35
86	18	36
86	17	37
86	16	38
86	11	39
86	16	40
86	16	41
86	16	42
86	17	43
86	18	44
86	11	46
86	8	47
86	9	48
86	17	49
86	13	51
86	21	52
86	6	53
86	7	54
86	21	55
86	21	57
86	21	58
86	10	59
86	6	60
86	21	61
86	6	62
86	10	63
86	7	64
86	7	65
86	21	67
86	7	68
86	21	69
86	7	70
86	21	71
86	13	72
86	10	73
86	13	74
86	16	75
86	7	76
86	10	77
86	13	78
86	7	79
86	10	80
86	13	81
86	10	82
86	11	83
86	13	84
86	10	85
86	23	86
86	13	87
86	15	88
86	22	89
86	2	90
86	16	91
86	16	92
86	15	93
86	16	94
86	16	95
86	21	96
86	22	97
86	16	99
86	22	100
86	2	101
86	21	102
86	22	103
87	1	0
87	1	1
87	3	2
87	16	3
87	12	4
87	5	6
87	1	7
87	17	8
87	1	9
87	5	11
87	4	12
87	8	13
87	8	14
87	17	15
87	12	16
87	17	17
87	8	18
87	1	19
87	12	20
87	9	21
87	8	23
87	16	24
87	5	25
87	8	26
87	18	27
87	9	28
87	8	30
87	18	31
87	8	32
87	18	33
87	3	34
87	8	35
87	8	36
87	9	37
87	18	38
87	8	39
87	18	40
87	18	41
87	18	42
87	11	43
87	16	44
87	2	45
87	8	46
87	15	47
87	3	48
87	11	49
87	17	50
87	1	51
87	1	52
87	7	53
87	6	54
87	4	56
87	1	57
87	1	58
87	13	59
87	7	60
87	7	61
87	7	62
87	13	63
87	15	65
87	11	66
87	6	68
87	22	70
87	10	71
87	10	72
87	13	73
87	11	74
87	22	75
87	6	76
87	13	77
87	10	78
87	6	79
87	3	80
87	10	81
87	3	82
87	13	83
87	11	84
87	13	86
87	23	87
87	16	89
87	22	91
87	22	92
87	22	94
87	22	95
87	2	96
87	16	97
87	13	98
87	22	99
87	16	100
87	13	101
88	16	0
88	8	1
88	5	2
88	0	3
88	5	4
88	4	6
88	18	8
88	8	9
88	8	10
88	4	11
88	5	12
88	0	13
88	0	14
88	18	15
88	5	16
88	5	17
88	9	18
88	5	20
88	8	21
88	4	22
88	1	23
88	9	24
88	9	26
88	12	27
88	8	28
88	5	29
88	9	30
88	12	31
88	9	32
88	12	33
88	5	34
88	9	35
88	9	36
88	8	37
88	12	38
88	15	39
88	12	40
88	12	41
88	12	42
88	16	45
88	5	46
88	8	47
88	5	48
88	8	49
88	5	50
88	16	51
88	7	52
88	1	53
88	3	54
88	7	55
88	7	57
88	7	58
88	6	59
88	1	60
88	7	61
88	1	62
88	6	63
88	3	64
88	4	65
88	7	67
88	7	69
88	13	70
88	7	74
88	13	75
88	4	76
88	6	77
88	7	78
88	4	79
88	7	81
88	6	82
88	6	83
88	7	84
88	6	85
88	6	86
88	7	87
88	23	88
88	11	89
88	22	90
88	13	92
88	11	93
88	13	94
88	13	95
88	16	96
88	11	97
88	15	98
88	11	100
88	7	102
88	10	103
89	16	1
89	18	2
89	0	3
89	16	5
89	4	6
89	16	7
89	5	8
89	16	9
89	16	10
89	4	11
89	5	12
89	0	13
89	0	14
89	5	15
89	5	16
89	5	17
89	9	18
89	16	19
89	5	20
89	17	22
89	9	23
89	9	24
89	4	25
89	9	26
89	8	28
89	5	29
89	9	30
89	17	31
89	9	32
89	17	33
89	5	34
89	9	35
89	9	36
89	8	37
89	17	38
89	15	39
89	17	40
89	17	41
89	17	42
89	8	43
89	9	44
89	16	45
89	5	46
89	8	47
89	5	48
89	8	49
89	5	50
89	16	51
89	16	52
89	1	53
89	4	54
89	6	56
89	16	57
89	16	58
89	6	59
89	1	60
89	16	61
89	1	62
89	6	63
89	13	64
89	3	65
89	7	66
89	7	67
89	4	68
89	7	69
89	21	70
89	7	71
89	7	72
89	22	73
89	7	74
89	21	75
89	6	77
89	7	78
89	4	79
89	7	81
89	6	82
89	6	83
89	7	84
89	6	85
89	21	86
89	7	87
89	23	89
89	21	91
89	21	92
89	10	93
89	21	94
89	21	95
89	11	97
89	15	98
89	21	99
89	11	100
89	15	101
89	7	102
90	4	0
90	4	1
90	1	2
90	5	3
90	0	4
90	4	5
90	16	6
90	4	7
90	0	8
90	4	9
90	4	10
90	16	11
90	5	13
90	5	14
90	0	15
90	0	16
90	0	17
90	5	18
90	4	19
90	1	20
90	4	21
90	8	22
90	5	23
90	8	25
90	8	27
90	17	28
90	9	29
90	9	30
90	8	31
90	5	32
90	8	33
90	9	34
90	5	35
90	5	36
90	17	37
90	8	38
90	9	39
90	8	40
90	8	41
90	8	42
90	17	43
90	5	44
90	12	45
90	9	46
90	16	47
90	0	48
90	17	49
90	3	51
90	4	52
90	22	53
90	7	54
90	13	55
90	1	56
90	4	57
90	4	58
90	6	60
90	4	61
90	6	62
90	0	63
90	7	64
90	7	65
90	13	66
90	4	67
90	7	68
90	21	69
90	21	71
90	13	72
90	10	73
90	21	74
90	7	75
90	16	76
90	16	77
90	13	78
90	16	79
90	10	80
90	13	81
90	10	82
90	10	83
90	13	84
90	0	85
90	10	86
90	21	87
90	22	88
90	6	89
90	23	90
90	7	91
90	7	92
90	22	93
90	7	94
90	7	95
90	21	96
90	6	97
90	11	98
90	7	99
90	6	100
90	11	101
90	21	102
90	6	103
91	5	0
91	5	1
91	16	2
91	4	3
91	16	4
91	5	5
91	5	7
91	16	8
91	5	9
91	5	10
91	1	11
91	16	12
91	3	13
91	4	14
91	16	15
91	16	16
91	16	17
91	4	18
91	5	19
91	8	20
91	5	21
91	9	22
91	17	23
91	3	24
91	1	25
91	12	26
91	11	27
91	18	28
91	8	29
91	12	30
91	11	31
91	12	32
91	11	33
91	8	34
91	12	35
91	12	36
91	11	38
91	8	39
91	11	40
91	11	41
91	11	42
91	18	43
91	16	46
91	1	47
91	8	48
91	16	50
91	6	51
91	6	52
91	3	53
91	1	54
91	6	55
91	16	56
91	6	57
91	6	58
91	13	60
91	7	63
91	1	64
91	10	65
91	6	66
91	6	67
91	1	68
91	22	69
91	10	70
91	22	71
91	22	72
91	7	73
91	6	74
91	11	75
91	1	76
91	7	77
91	22	78
91	7	80
91	7	82
91	16	83
91	6	84
91	7	85
91	7	86
91	22	87
91	13	88
91	3	89
91	16	90
91	23	91
91	11	92
91	13	93
91	11	94
91	11	95
91	3	97
91	11	99
91	3	100
91	22	102
91	13	103
92	5	0
92	5	1
92	16	2
92	4	3
92	8	4
92	5	5
92	1	6
92	5	7
92	5	9
92	5	10
92	1	11
92	16	12
92	4	14
92	8	15
92	8	16
92	8	17
92	12	18
92	5	19
92	8	20
92	5	21
92	9	22
92	12	23
92	12	24
92	9	25
92	17	26
92	9	27
92	8	29
92	17	30
92	17	32
92	9	33
92	17	35
92	17	36
92	18	37
92	9	38
92	8	39
92	11	40
92	9	41
92	18	43
92	12	44
92	15	45
92	8	46
92	2	47
92	8	48
92	18	49
92	8	50
92	6	51
92	6	52
92	13	53
92	1	54
92	6	55
92	16	56
92	6	57
92	6	58
92	13	60
92	6	61
92	4	62
92	7	63
92	10	64
92	1	65
92	22	66
92	10	68
92	22	69
92	10	70
92	22	71
92	22	72
92	7	73
92	10	75
92	10	76
92	7	77
92	22	78
92	10	79
92	7	80
92	22	81
92	7	82
92	7	83
92	7	85
92	7	86
92	22	87
92	7	88
92	13	89
92	7	90
92	10	91
92	7	93
92	10	94
92	10	95
92	22	96
92	7	97
92	16	98
92	10	99
92	7	100
92	16	101
92	22	102
93	16	0
93	8	1
93	5	2
93	0	3
93	5	4
93	8	5
93	4	6
93	8	7
93	18	8
93	8	10
93	4	11
93	5	12
93	0	13
93	0	14
93	18	15
93	5	16
93	5	17
93	9	18
93	8	19
93	5	20
93	8	21
93	4	22
93	1	23
93	9	24
93	4	25
93	9	26
93	12	27
93	9	30
93	12	31
93	9	32
93	12	33
93	5	34
93	9	35
93	9	36
93	8	37
93	12	38
93	15	39
93	12	40
93	12	41
93	12	42
93	8	43
93	11	44
93	16	45
93	5	46
93	12	47
93	5	48
93	8	49
93	5	50
93	16	51
93	7	52
93	1	53
93	3	54
93	7	55
93	6	56
93	7	57
93	7	58
93	6	59
93	1	60
93	7	61
93	1	62
93	6	63
93	4	64
93	4	65
93	7	66
93	7	67
93	4	68
93	7	69
93	13	70
93	7	71
93	6	73
93	7	74
93	13	75
93	4	76
93	6	77
93	7	78
93	4	79
93	6	80
93	6	82
93	6	83
93	7	84
93	6	85
93	6	86
93	7	87
93	10	88
93	11	89
93	22	90
93	13	91
93	13	92
93	13	94
93	13	95
93	16	96
93	11	97
93	13	99
93	22	101
93	7	102
93	10	103
94	5	0
94	5	1
94	16	2
94	4	3
94	8	4
94	5	5
94	9	6
94	5	7
94	16	8
94	5	9
94	5	10
94	1	11
94	8	12
94	4	13
94	12	14
94	16	15
94	8	16
94	8	17
94	12	18
94	18	21
94	9	22
94	4	23
94	17	24
94	12	26
94	11	27
94	18	28
94	8	29
94	12	30
94	12	32
94	11	33
94	12	36
94	18	37
94	9	38
94	16	39
94	11	40
94	9	41
94	9	42
94	18	43
94	12	44
94	15	45
94	8	46
94	2	47
94	8	48
94	18	49
94	8	50
94	6	51
94	6	52
94	3	53
94	1	54
94	6	55
94	7	56
94	6	57
94	6	58
94	7	59
94	13	60
94	6	61
94	13	62
94	7	63
94	1	64
94	10	65
94	6	66
94	6	67
94	1	68
94	22	69
94	10	70
94	22	71
94	6	74
94	11	75
94	1	76
94	7	77
94	22	78
94	1	79
94	7	80
94	22	81
94	7	82
94	16	83
94	6	84
94	7	85
94	7	86
94	22	87
94	13	88
94	13	89
94	7	90
94	10	91
94	11	92
94	13	93
94	23	94
94	11	95
94	15	96
94	13	97
94	7	98
94	11	99
94	7	101
94	22	102
94	13	103
95	5	0
95	5	1
95	8	2
95	8	4
95	5	5
95	1	6
95	5	7
95	16	8
95	5	10
95	8	12
95	4	13
95	4	14
95	16	15
95	8	16
95	8	17
95	12	18
95	8	20
95	9	22
95	17	23
95	12	24
95	9	25
95	12	26
95	9	27
95	18	28
95	8	29
95	12	30
95	9	31
95	12	32
95	9	33
95	8	34
95	12	36
95	18	37
95	9	38
95	16	39
95	11	40
95	9	42
95	18	43
95	8	44
95	15	45
95	16	46
95	2	47
95	8	48
95	18	49
95	8	50
95	6	51
95	6	52
95	13	53
95	1	54
95	6	55
95	7	56
95	6	57
95	6	58
95	7	59
95	13	60
95	6	61
95	13	62
95	7	63
95	10	64
95	10	65
95	22	66
95	6	67
95	10	68
95	22	69
95	10	70
95	22	71
95	22	72
95	7	73
95	6	74
95	10	75
95	10	76
95	7	77
95	22	78
95	10	79
95	7	80
95	22	81
95	7	82
95	16	83
95	10	84
95	7	85
95	7	86
95	10	87
95	7	89
95	16	90
95	10	91
95	11	92
95	7	93
95	10	94
95	23	95
95	15	96
95	16	98
95	10	99
95	7	100
95	16	101
95	22	102
96	0	0
96	0	1
96	3	2
96	16	3
96	3	4
96	0	5
96	5	6
96	0	7
96	0	10
96	5	11
96	4	12
96	8	13
96	8	14
96	3	15
96	17	16
96	17	17
96	8	18
96	0	19
96	17	20
96	0	21
96	8	23
96	8	24
96	5	25
96	8	26
96	5	27
96	1	28
96	17	29
96	8	30
96	5	31
96	8	32
96	5	33
96	17	34
96	8	35
96	8	36
96	1	37
96	5	38
96	17	39
96	5	41
96	5	42
96	1	43
96	16	44
96	11	45
96	17	46
96	18	47
96	17	48
96	20	50
96	1	51
96	1	52
96	16	53
96	6	54
96	0	55
96	3	56
96	1	57
96	1	58
96	3	59
96	7	60
96	1	61
96	16	62
96	6	64
96	6	65
96	10	66
96	1	67
96	6	68
96	1	69
96	6	70
96	1	71
96	10	72
96	13	73
96	1	74
96	6	75
96	6	76
96	13	77
96	10	78
96	6	79
96	13	80
96	10	81
96	21	82
96	13	83
96	10	84
96	21	85
96	21	86
96	1	87
96	16	88
96	13	90
96	6	91
96	6	92
96	16	93
96	6	94
96	23	96
96	16	97
96	13	98
96	6	99
96	16	100
96	16	101
96	7	103
97	16	0
97	16	1
97	18	2
97	0	3
97	5	4
97	16	5
97	4	6
97	16	7
97	5	8
97	16	9
97	16	10
97	4	11
97	18	12
97	0	13
97	0	14
97	5	16
97	9	18
97	16	19
97	5	20
97	16	21
97	17	22
97	9	23
97	9	24
97	4	25
97	1	26
97	8	28
97	5	29
97	1	30
97	17	31
97	1	32
97	17	33
97	5	34
97	1	35
97	1	36
97	8	37
97	17	38
97	15	39
97	17	40
97	17	41
97	17	42
97	8	43
97	9	44
97	16	45
97	5	46
97	8	47
97	5	48
97	8	49
97	5	50
97	16	51
97	16	52
97	1	53
97	3	54
97	16	55
97	22	56
97	16	57
97	16	58
97	6	59
97	1	60
97	16	61
97	1	62
97	6	63
97	13	64
97	3	65
97	7	66
97	7	67
97	4	68
97	7	69
97	21	70
97	7	71
97	7	72
97	22	73
97	7	74
97	21	75
97	4	76
97	6	77
97	7	78
97	4	79
97	6	80
97	6	82
97	6	83
97	7	84
97	6	85
97	22	86
97	7	87
97	10	88
97	10	89
97	6	90
97	21	91
97	13	92
97	21	94
97	21	95
97	16	96
97	23	97
97	15	98
97	21	99
97	10	100
97	15	101
97	1	103
98	4	0
98	3	1
98	9	2
98	5	3
98	0	4
98	3	5
98	8	6
98	4	7
98	1	8
98	3	9
98	4	10
98	8	11
98	0	12
98	5	14
98	1	15
98	0	16
98	0	17
98	5	18
98	3	19
98	4	21
98	8	22
98	18	23
98	5	24
98	5	26
98	8	27
98	8	28
98	9	29
98	5	30
98	8	31
98	5	32
98	8	33
98	9	34
98	5	35
98	5	36
98	8	37
98	16	38
98	9	39
98	8	40
98	16	41
98	16	42
98	8	43
98	5	44
98	8	45
98	9	46
98	16	47
98	8	49
98	0	50
98	4	51
98	3	52
98	22	53
98	7	54
98	3	55
98	0	56
98	3	57
98	3	58
98	0	59
98	6	60
98	3	61
98	6	62
98	0	63
98	7	64
98	7	65
98	4	68
98	13	69
98	7	70
98	13	71
98	10	73
98	3	74
98	7	75
98	7	76
98	7	78
98	0	80
98	7	81
98	10	82
98	10	83
98	7	84
98	0	85
98	10	86
98	13	87
98	6	88
98	10	90
98	16	91
98	7	92
98	16	94
98	7	95
98	21	96
98	6	97
98	23	98
98	7	99
98	6	100
98	11	101
98	6	103
99	5	0
99	5	1
99	16	2
99	4	3
99	8	4
99	5	5
99	1	6
99	5	7
99	8	8
99	5	9
99	5	10
99	1	11
99	4	13
99	4	14
99	8	16
99	16	18
99	8	20
99	5	21
99	9	22
99	17	23
99	17	24
99	9	25
99	12	26
99	9	27
99	18	28
99	8	29
99	12	30
99	9	31
99	12	32
99	9	33
99	8	34
99	12	35
99	12	36
99	18	37
99	9	38
99	16	39
99	11	40
99	9	42
99	18	43
99	8	44
99	15	45
99	16	46
99	2	47
99	8	48
99	18	49
99	8	50
99	6	51
99	6	52
99	7	56
99	6	57
99	6	58
99	7	59
99	21	60
99	6	61
99	7	62
99	7	63
99	10	64
99	10	65
99	6	66
99	6	67
99	10	68
99	22	69
99	10	70
99	22	71
99	22	72
99	7	73
99	6	74
99	10	75
99	10	76
99	7	77
99	22	78
99	10	79
99	7	80
99	22	81
99	7	82
99	16	83
99	6	84
99	7	85
99	7	86
99	22	87
99	7	88
99	21	89
99	16	90
99	10	91
99	11	92
99	7	93
99	10	94
99	11	95
99	15	96
99	21	97
99	16	98
99	23	99
99	21	100
99	16	101
99	21	102
99	7	103
100	16	0
100	16	1
100	18	2
100	0	3
100	5	4
100	16	5
100	4	6
100	16	7
100	5	8
100	16	9
100	16	10
100	4	11
100	5	12
100	0	13
100	0	14
100	5	15
100	5	16
100	5	17
100	9	18
100	16	19
100	5	20
100	16	21
100	17	22
100	9	23
100	9	24
100	4	25
100	9	26
100	17	27
100	8	28
100	5	29
100	9	30
100	17	31
100	9	32
100	17	33
100	5	34
100	9	35
100	9	36
100	15	39
100	17	40
100	17	41
100	17	42
100	8	43
100	9	44
100	16	45
100	5	46
100	8	47
100	5	48
100	8	49
100	5	50
100	16	52
100	1	53
100	4	54
100	7	55
100	6	56
100	16	58
100	6	59
100	1	60
100	16	61
100	1	62
100	6	63
100	13	64
100	3	65
100	7	66
100	7	67
100	4	68
100	7	69
100	21	70
100	7	71
100	7	72
100	21	73
100	21	75
100	4	76
100	6	77
100	4	79
100	6	80
100	7	81
100	6	82
100	6	83
100	7	84
100	6	85
100	22	86
100	7	87
100	10	88
100	10	89
100	6	90
100	21	91
100	21	92
100	10	93
100	21	94
100	21	95
100	16	96
100	11	97
100	15	98
100	21	99
100	23	100
100	7	102
101	4	0
101	1	2
101	5	3
101	1	4
101	4	5
101	16	6
101	4	7
101	0	8
101	4	9
101	4	10
101	16	11
101	5	13
101	5	14
101	0	15
101	1	16
101	1	17
101	18	18
101	4	19
101	1	20
101	4	21
101	5	23
101	5	24
101	8	25
101	5	26
101	8	27
101	3	28
101	9	29
101	5	30
101	8	31
101	5	32
101	8	33
101	9	34
101	5	35
101	5	36
101	3	37
101	8	38
101	9	39
101	8	41
101	8	42
101	3	43
101	5	44
101	12	45
101	9	46
101	16	47
101	1	48
101	3	49
101	1	50
101	3	51
101	4	52
101	22	53
101	16	54
101	4	55
101	0	56
101	4	57
101	4	58
101	1	59
101	4	61
101	6	62
101	1	63
101	7	64
101	7	65
101	13	66
101	4	67
101	7	68
101	21	69
101	7	70
101	21	71
101	13	72
101	1	73
101	4	74
101	7	75
101	7	76
101	1	77
101	13	78
101	7	79
101	1	80
101	13	81
101	3	82
101	10	83
101	13	84
101	1	85
101	1	86
101	13	87
101	6	89
101	10	90
101	7	91
101	7	92
101	22	93
101	7	94
101	7	95
101	13	96
101	6	97
101	7	99
101	6	100
101	23	101
101	21	102
101	6	103
102	1	1
102	3	2
102	16	3
102	1	5
102	5	6
102	1	7
102	3	8
102	1	10
102	5	11
102	4	12
102	16	13
102	8	14
102	3	15
102	12	16
102	12	17
102	8	18
102	1	19
102	12	20
102	9	21
102	18	22
102	8	23
102	16	24
102	5	25
102	8	26
102	18	27
102	9	28
102	3	29
102	8	30
102	18	31
102	8	32
102	18	33
102	3	34
102	8	35
102	8	36
102	9	37
102	18	38
102	8	39
102	18	40
102	8	41
102	18	42
102	11	43
102	16	44
102	2	45
102	8	46
102	15	47
102	3	48
102	9	49
102	12	50
102	1	51
102	1	52
102	6	54
102	1	55
102	4	56
102	1	58
102	13	59
102	7	60
102	1	61
102	7	62
102	13	63
102	6	64
102	22	65
102	10	66
102	10	67
102	6	68
102	22	70
102	10	71
102	10	72
102	13	73
102	11	74
102	10	75
102	6	76
102	13	77
102	10	78
102	6	79
102	3	80
102	10	81
102	3	82
102	21	83
102	10	84
102	13	85
102	13	86
102	10	87
102	16	89
102	21	90
102	22	91
102	22	92
102	16	93
102	22	95
102	2	96
102	16	97
102	13	98
102	22	99
102	13	101
102	23	102
102	7	103
103	8	0
103	8	1
103	5	2
103	9	3
103	5	4
103	8	5
103	3	6
103	8	7
103	18	8
103	8	9
103	8	10
103	3	11
103	5	12
103	0	13
103	9	14
103	18	15
103	5	16
103	5	17
103	9	18
103	8	19
103	5	20
103	8	21
103	9	23
103	12	25
103	9	26
103	12	27
103	16	28
103	11	30
103	12	31
103	9	32
103	12	33
103	15	34
103	9	35
103	9	36
103	16	37
103	12	38
103	15	39
103	12	40
103	12	41
103	12	42
103	16	43
103	11	44
103	16	45
103	15	46
103	3	47
103	5	48
103	16	49
103	7	52
103	6	56
103	7	57
103	7	58
103	6	59
103	10	60
103	7	61
103	10	62
103	22	63
103	13	64
103	13	65
103	7	67
103	13	68
103	13	70
103	16	71
103	16	72
103	22	73
103	7	74
103	13	75
103	13	76
103	22	77
103	16	78
103	13	79
103	6	80
103	16	81
103	6	82
103	15	83
103	16	84
103	6	85
103	6	86
103	16	87
103	10	88
103	10	89
103	15	90
103	21	91
103	21	92
103	10	93
103	13	95
103	16	96
103	1	97
103	15	98
103	10	100
103	15	101
103	16	102
103	23	103
