0	8	0
0	9	0
0	43	0
0	34	2
0	1	3
0	35	3
0	1	6
0	35	6
0	8	7
0	9	7
0	26	7
0	43	7
0	26	8
0	1	9
0	35	9
0	1	11
0	35	11
0	1	12
0	28	12
0	35	12
0	43	13
0	30	14
0	43	14
0	27	16
0	1	18
0	35	18
0	1	28
0	30	28
0	43	28
0	28	29
0	30	29
0	43	29
0	4	34
0	9	37
0	43	37
0	43	39
0	28	40
0	30	40
0	43	40
0	26	46
0	43	47
0	28	50
0	30	50
0	43	50
0	34	51
0	1	53
0	35	53
0	1	57
0	28	57
0	35	57
0	1	59
0	30	59
0	43	59
0	34	62
0	43	65
0	1	68
0	35	68
0	43	69
0	43	73
0	8	74
0	43	74
0	1	77
0	35	77
0	43	78
0	1	83
0	35	83
0	1	86
0	30	86
0	43	86
0	28	87
0	30	87
0	43	87
0	1	89
0	30	89
0	43	89
0	43	91
0	28	92
0	30	92
0	43	92
0	27	96
0	1	98
0	30	98
0	43	98
0	1	100
0	35	100
0	4	101
0	1	102
0	30	102
0	43	102
0	28	105
0	30	105
0	43	105
0	34	106
0	43	108
0	26	109
0	1	110
0	30	110
0	43	110
0	1	111
0	35	111
0	34	112
0	34	114
0	1	119
0	35	119
0	1	122
0	28	122
0	35	122
0	43	125
0	43	130
0	1	132
0	35	132
0	1	133
0	28	133
0	35	133
1	27	16
1	26	49
1	27	96
2	36	1
2	24	2
2	21	13
2	36	13
2	27	16
2	41	33
2	48	33
2	41	35
2	48	35
2	26	36
2	36	38
2	36	39
2	41	41
2	48	41
2	36	42
2	26	46
2	36	61
2	24	62
2	26	62
2	36	65
2	21	73
2	36	73
2	41	76
2	48	76
2	36	78
2	36	82
2	41	84
2	48	84
2	41	85
2	48	85
2	36	88
2	27	96
2	36	97
2	24	106
2	41	118
2	48	118
2	36	120
2	41	121
2	48	121
2	21	125
2	36	125
2	36	130
3	24	3
3	24	6
3	24	9
3	24	11
3	24	12
3	28	15
3	27	16
3	24	18
3	26	46
3	28	48
3	24	53
3	24	57
3	28	67
3	24	68
3	28	71
3	24	77
3	24	83
3	28	93
3	27	96
3	24	100
3	26	100
3	26	109
3	26	111
3	28	117
3	24	119
3	24	122
3	24	132
3	24	133
3	28	134
4	7	0
4	13	4
4	24	4
4	7	7
4	24	10
4	1	14
4	24	15
4	27	16
4	24	17
4	24	24
4	1	28
4	1	29
4	7	29
4	24	30
4	26	30
4	24	31
4	26	32
4	23	35
4	7	37
4	1	40
4	7	40
4	24	43
4	24	44
4	26	46
4	24	48
4	1	50
4	7	50
4	1	59
4	24	64
4	24	67
4	24	71
4	24	72
4	7	74
4	24	75
4	24	81
4	1	86
4	1	87
4	7	87
4	1	89
4	1	91
4	1	92
4	7	92
4	24	93
4	27	96
4	1	98
4	26	99
4	1	102
4	1	105
4	7	105
4	24	107
4	26	109
4	1	110
4	24	117
4	24	127
4	26	128
4	24	134
5	42	4
5	27	16
5	26	36
5	26	46
5	42	58
5	26	70
5	43	86
5	26	90
5	27	96
5	26	126
6	24	6
6	26	9
6	24	11
6	21	13
6	27	16
6	24	18
6	26	46
6	24	53
6	24	68
6	21	73
6	24	83
6	27	96
6	24	100
6	26	100
6	26	109
6	24	119
6	21	125
6	26	132
7	9	0
7	43	0
7	34	2
7	1	3
7	35	3
7	1	6
7	35	6
7	8	7
7	9	7
7	43	7
7	26	8
7	1	9
7	35	9
7	1	11
7	35	11
7	1	12
7	28	12
7	35	12
7	30	14
7	43	14
7	27	16
7	1	18
7	35	18
7	1	28
7	30	28
7	43	28
7	28	29
7	30	29
7	43	29
7	4	34
7	9	37
7	43	37
7	43	39
7	28	40
7	30	40
7	43	40
7	26	46
7	43	47
7	28	50
7	30	50
7	43	50
7	34	51
7	1	53
7	35	53
7	1	57
7	28	57
7	35	57
7	1	59
7	30	59
7	43	59
7	34	62
7	43	65
7	1	68
7	35	68
7	43	69
7	43	74
7	1	77
7	35	77
7	43	78
7	1	83
7	35	83
7	1	86
7	30	86
7	43	86
7	28	87
7	30	87
7	43	87
7	1	89
7	30	89
7	43	89
7	43	91
7	28	92
7	30	92
7	43	92
7	27	96
7	1	98
7	30	98
7	43	98
7	1	100
7	35	100
7	4	101
7	1	102
7	30	102
7	43	102
7	28	105
7	30	105
7	43	105
7	34	106
7	43	108
7	26	109
7	1	110
7	30	110
7	43	110
7	1	111
7	35	111
7	34	112
7	34	114
7	1	119
7	35	119
7	1	122
7	28	122
7	35	122
7	43	130
7	1	132
7	35	132
7	1	133
7	28	133
7	35	133
8	35	3
8	35	6
8	35	9
8	35	11
8	28	12
8	35	12
8	27	16
8	35	18
8	26	46
8	35	53
8	28	57
8	35	57
8	35	68
8	35	77
8	35	83
8	27	96
8	35	100
8	26	109
8	35	111
8	35	119
8	28	122
8	35	122
8	35	132
8	28	133
8	35	133
9	24	6
9	24	9
9	24	11
9	21	13
9	27	16
9	24	18
9	26	46
9	24	53
9	24	68
9	21	73
9	24	77
9	24	83
9	27	96
9	24	100
9	26	100
9	26	109
9	24	119
9	21	125
9	24	132
10	7	0
10	9	0
10	46	0
10	7	7
10	9	7
10	46	7
10	24	10
10	1	14
10	9	14
10	24	15
10	27	16
10	24	17
10	19	20
10	19	26
10	19	27
10	1	28
10	9	28
10	19	28
10	1	29
10	7	29
10	9	29
10	18	29
10	39	29
10	46	29
10	24	30
10	26	30
10	26	31
10	23	35
10	7	37
10	9	37
10	46	37
10	1	40
10	7	40
10	9	40
10	18	40
10	39	40
10	46	40
10	19	45
10	26	46
10	24	48
10	1	50
10	7	50
10	9	50
10	18	50
10	39	50
10	46	50
10	19	55
10	19	58
10	1	59
10	9	59
10	19	59
10	24	64
10	24	67
10	24	71
10	24	72
10	7	74
10	9	74
10	46	74
10	1	86
10	9	86
10	19	86
10	1	87
10	7	87
10	9	87
10	18	87
10	39	87
10	46	87
10	1	89
10	9	89
10	19	89
10	1	91
10	1	92
10	7	92
10	9	92
10	18	92
10	39	92
10	46	92
10	24	93
10	27	96
10	1	98
10	9	98
10	19	98
10	1	102
10	9	102
10	19	102
10	1	105
10	7	105
10	9	105
10	18	105
10	39	105
10	46	105
10	26	107
10	26	109
10	1	110
10	9	110
10	19	110
10	24	117
10	46	124
10	26	128
10	19	131
10	24	134
11	24	11
11	27	16
11	26	46
11	27	96
11	24	100
11	26	100
11	26	109
12	24	6
12	24	9
12	24	11
12	24	12
12	28	15
12	27	16
12	24	18
12	7	29
12	7	40
12	26	46
12	28	48
12	7	50
12	24	53
12	28	67
12	24	68
12	28	71
12	24	77
12	24	83
12	7	87
12	7	92
12	28	93
12	27	96
12	24	100
12	26	100
12	7	105
12	26	109
12	28	117
12	24	119
12	24	132
12	28	134
13	26	1
13	4	2
13	1	13
13	4	16
13	27	16
13	4	34
13	26	49
13	4	51
13	4	60
13	4	62
13	4	63
13	1	73
13	1	86
13	30	86
13	43	86
13	30	87
13	4	96
13	27	96
13	4	101
13	4	106
13	4	112
13	4	114
13	1	125
14	43	0
14	1	3
14	40	3
14	1	6
14	40	6
14	43	7
14	1	9
14	40	9
14	1	11
14	40	11
14	1	12
14	40	12
14	1	14
14	40	14
14	43	14
14	41	15
14	27	16
14	1	18
14	40	18
14	41	22
14	1	28
14	40	28
14	43	28
14	1	29
14	40	29
14	43	29
14	43	37
14	1	40
14	40	40
14	43	40
14	43	47
14	41	48
14	26	49
14	1	50
14	40	50
14	43	50
14	1	53
14	40	53
14	1	57
14	40	57
14	1	59
14	40	59
14	43	59
14	41	67
14	1	68
14	40	68
14	43	69
14	41	71
14	43	74
14	1	77
14	40	77
14	1	83
14	40	83
14	1	86
14	40	86
14	43	86
14	1	87
14	40	87
14	43	87
14	1	89
14	40	89
14	43	89
14	1	91
14	26	91
14	40	91
14	43	91
14	1	92
14	40	92
14	43	92
14	41	93
14	27	96
14	1	98
14	40	98
14	43	98
14	1	100
14	40	100
14	1	102
14	40	102
14	43	102
14	1	105
14	40	105
14	43	105
14	26	108
14	43	108
14	1	110
14	40	110
14	43	110
14	1	111
14	40	111
14	41	117
14	1	119
14	40	119
14	1	122
14	40	122
14	1	132
14	40	132
14	1	133
14	40	133
14	41	134
15	7	0
15	9	0
15	7	7
15	9	7
15	1	14
15	9	14
15	24	15
15	27	16
15	19	20
15	19	26
15	19	27
15	1	28
15	9	28
15	19	28
15	1	29
15	7	29
15	9	29
15	24	30
15	26	30
15	26	31
15	23	35
15	7	37
15	9	37
15	1	40
15	7	40
15	9	40
15	19	45
15	26	46
15	24	48
15	1	50
15	7	50
15	9	50
15	19	55
15	19	58
15	1	59
15	9	59
15	19	59
15	24	64
15	24	67
15	24	71
15	24	72
15	7	74
15	9	74
15	1	86
15	9	86
15	19	86
15	1	87
15	7	87
15	9	87
15	1	89
15	9	89
15	19	89
15	1	91
15	1	92
15	7	92
15	9	92
15	24	93
15	27	96
15	1	98
15	9	98
15	19	98
15	1	102
15	9	102
15	19	102
15	1	105
15	7	105
15	9	105
15	26	109
15	1	110
15	9	110
15	19	110
15	24	117
15	26	128
15	19	131
15	4	133
15	24	134
16	27	16
16	26	36
16	26	46
16	26	96
16	27	96
17	7	0
17	7	7
17	1	14
17	24	15
17	27	16
17	24	17
17	1	28
17	1	29
17	7	29
17	24	30
17	26	30
17	26	31
17	23	35
17	7	37
17	1	40
17	7	40
17	26	46
17	24	48
17	1	50
17	7	50
17	1	59
17	24	64
17	24	67
17	24	71
17	24	72
17	7	74
17	1	86
17	1	87
17	7	87
17	1	89
17	1	91
17	1	92
17	7	92
17	24	93
17	27	96
17	1	98
17	1	102
17	1	105
17	7	105
17	26	109
17	1	110
17	24	117
17	26	128
17	24	134
18	26	9
18	24	11
18	21	13
18	27	16
18	24	18
18	26	46
18	24	53
18	24	68
18	21	73
18	24	83
18	27	96
18	24	100
18	26	100
18	26	109
18	24	119
18	21	125
18	26	132
19	28	0
19	28	7
19	28	14
19	27	16
19	0	19
19	10	19
19	12	19
19	28	19
19	45	19
19	0	20
19	28	20
19	0	21
19	10	23
19	28	28
19	28	29
19	26	36
19	28	37
19	28	39
19	28	40
19	26	46
19	28	50
19	10	55
19	28	59
19	26	70
19	28	74
19	28	86
19	43	86
19	28	87
19	28	89
19	28	92
19	27	96
19	28	98
19	28	102
19	28	105
19	28	110
19	26	126
19	28	130
19	28	131
20	28	0
20	35	3
20	41	4
20	35	6
20	28	7
20	26	8
20	35	9
20	35	11
20	28	12
20	35	12
20	28	14
20	41	15
20	27	16
20	35	18
20	28	19
20	0	20
20	5	20
20	12	20
20	13	20
20	17	20
20	35	20
20	44	20
20	45	20
20	47	20
20	0	21
20	12	21
20	25	21
20	28	21
20	12	22
20	13	22
20	14	22
20	41	22
20	10	23
20	41	24
20	0	26
20	28	28
20	28	29
20	28	37
20	28	39
20	28	40
20	41	43
20	26	46
20	41	48
20	28	50
20	35	53
20	26	55
20	28	57
20	35	57
20	28	59
20	41	67
20	35	68
20	41	71
20	28	74
20	35	77
20	41	81
20	35	83
20	28	86
20	28	87
20	28	89
20	28	92
20	41	93
20	41	94
20	27	96
20	28	98
20	41	99
20	35	100
20	28	102
20	41	104
20	28	105
20	26	109
20	28	110
20	35	111
20	41	117
20	35	119
20	28	122
20	35	122
20	41	127
20	28	130
20	0	131
20	12	131
20	44	131
20	35	132
20	28	133
20	35	133
20	41	134
21	28	0
21	28	7
21	28	14
21	27	16
21	14	20
21	35	20
21	0	21
21	28	21
21	44	21
21	14	22
21	28	22
21	10	23
21	25	26
21	44	26
21	28	27
21	28	28
21	28	29
21	26	36
21	28	37
21	28	39
21	28	40
21	26	46
21	28	50
21	10	55
21	28	59
21	26	70
21	28	74
21	28	86
21	43	86
21	28	87
21	28	89
21	28	92
21	27	96
21	28	98
21	28	102
21	28	105
21	28	110
21	26	126
21	28	130
21	12	131
21	14	131
22	7	0
22	13	4
22	7	7
22	27	16
22	35	20
22	13	22
22	35	22
22	10	23
22	13	24
22	7	29
22	23	35
22	7	37
22	7	40
22	13	43
22	44	45
22	26	46
22	7	50
22	7	74
22	13	81
22	7	87
22	7	92
22	13	94
22	27	96
22	13	99
22	13	104
22	7	105
22	26	109
22	13	127
22	26	128
22	16	131
23	27	16
23	10	23
23	26	36
23	26	46
23	10	55
23	26	56
23	26	70
23	43	86
23	27	96
24	7	0
24	7	7
24	24	10
24	1	14
24	24	15
24	27	16
24	24	17
24	24	24
24	1	28
24	1	29
24	7	29
24	24	30
24	26	30
24	24	31
24	26	32
24	23	35
24	7	37
24	1	40
24	7	40
24	24	43
24	24	44
24	26	46
24	24	48
24	1	50
24	7	50
24	1	59
24	24	64
24	24	67
24	24	71
24	24	72
24	7	74
24	24	75
24	24	81
24	1	86
24	1	87
24	7	87
24	1	89
24	1	91
24	1	92
24	7	92
24	24	93
24	27	96
24	1	98
24	26	99
24	1	102
24	1	105
24	7	105
24	24	107
24	26	109
24	1	110
24	24	117
24	24	127
24	26	128
24	24	134
25	27	16
25	26	36
25	26	46
25	26	70
25	43	86
25	26	90
25	27	96
25	26	126
26	28	0
26	35	3
26	41	4
26	35	6
26	28	7
26	26	8
26	35	9
26	35	11
26	28	12
26	35	12
26	28	14
26	41	15
26	27	16
26	35	18
26	35	20
26	28	21
26	14	22
26	41	22
26	10	23
26	41	24
26	0	26
26	13	26
26	17	26
26	35	26
26	28	28
26	28	29
26	28	37
26	28	39
26	28	40
26	41	43
26	26	46
26	41	48
26	28	50
26	35	53
26	26	55
26	28	57
26	35	57
26	28	59
26	41	67
26	35	68
26	41	71
26	28	74
26	35	77
26	41	81
26	35	83
26	28	86
26	28	87
26	28	89
26	28	92
26	41	93
26	41	94
26	27	96
26	28	98
26	41	99
26	35	100
26	28	102
26	41	104
26	28	105
26	26	109
26	28	110
26	35	111
26	41	117
26	35	119
26	28	122
26	35	122
26	41	127
26	28	130
26	35	131
26	35	132
26	28	133
26	35	133
26	41	134
27	28	0
27	35	3
27	41	4
27	35	6
27	28	7
27	26	8
27	35	9
27	35	11
27	28	12
27	35	12
27	28	14
27	41	15
27	27	16
27	35	18
27	35	20
27	0	21
27	28	21
27	14	22
27	41	22
27	10	23
27	41	24
27	35	26
27	0	27
27	35	27
27	44	27
27	1	28
27	28	28
27	28	29
27	28	37
27	28	39
27	28	40
27	41	43
27	26	46
27	41	48
27	28	50
27	35	53
27	26	55
27	28	57
27	35	57
27	1	59
27	28	59
27	41	67
27	35	68
27	41	71
27	28	74
27	35	77
27	41	81
27	35	83
27	1	86
27	28	86
27	28	87
27	1	89
27	28	89
27	28	92
27	41	93
27	41	94
27	27	96
27	1	98
27	28	98
27	41	99
27	35	100
27	1	102
27	28	102
27	41	104
27	28	105
27	26	109
27	1	110
27	28	110
27	35	111
27	41	117
27	35	119
27	28	122
27	35	122
27	41	127
27	28	130
27	35	131
27	35	132
27	28	133
27	35	133
27	41	134
28	43	0
28	1	3
28	40	3
28	1	6
28	40	6
28	43	7
28	1	9
28	40	9
28	1	11
28	40	11
28	1	12
28	40	12
28	1	14
28	26	14
28	40	14
28	43	14
28	41	15
28	27	16
28	1	18
28	40	18
28	41	22
28	1	28
28	8	28
28	38	28
28	40	28
28	43	28
28	1	29
28	40	29
28	43	29
28	1	34
28	43	37
28	1	40
28	40	40
28	43	40
28	43	47
28	41	48
28	26	49
28	1	50
28	40	50
28	43	50
28	1	53
28	40	53
28	1	57
28	40	57
28	1	59
28	8	59
28	38	59
28	40	59
28	43	59
28	41	67
28	1	68
28	40	68
28	43	69
28	41	71
28	43	74
28	1	77
28	40	77
28	1	83
28	40	83
28	1	86
28	38	86
28	40	86
28	43	86
28	1	87
28	40	87
28	43	87
28	1	89
28	8	89
28	38	89
28	40	89
28	43	89
28	1	91
28	26	91
28	40	91
28	43	91
28	1	92
28	40	92
28	43	92
28	41	93
28	27	96
28	1	98
28	38	98
28	40	98
28	43	98
28	1	100
28	40	100
28	1	101
28	1	102
28	38	102
28	40	102
28	43	102
28	1	105
28	40	105
28	43	105
28	26	108
28	43	108
28	1	110
28	8	110
28	26	110
28	38	110
28	40	110
28	43	110
28	1	111
28	40	111
28	41	117
28	1	119
28	40	119
28	1	122
28	40	122
28	34	129
28	1	132
28	40	132
28	1	133
28	40	133
28	41	134
29	8	0
29	9	0
29	43	0
29	34	2
29	1	3
29	40	3
29	1	6
29	40	6
29	8	7
29	9	7
29	43	7
29	1	9
29	40	9
29	1	11
29	40	11
29	1	12
29	40	12
29	43	13
29	1	14
29	26	14
29	40	14
29	43	14
29	41	15
29	27	16
29	1	18
29	40	18
29	41	22
29	1	28
29	30	28
29	40	28
29	43	28
29	1	29
29	4	29
29	8	29
29	9	29
29	15	29
29	30	29
29	38	29
29	40	29
29	43	29
29	4	34
29	8	37
29	9	37
29	43	37
29	43	39
29	1	40
29	9	40
29	15	40
29	30	40
29	34	40
29	38	40
29	40	40
29	43	40
29	43	47
29	41	48
29	26	49
29	1	50
29	4	50
29	8	50
29	9	50
29	15	50
29	30	50
29	38	50
29	40	50
29	43	50
29	34	51
29	1	53
29	40	53
29	1	57
29	40	57
29	1	59
29	30	59
29	40	59
29	43	59
29	34	62
29	43	65
29	41	67
29	1	68
29	40	68
29	43	69
29	41	71
29	43	73
29	8	74
29	9	74
29	30	74
29	34	74
29	43	74
29	1	77
29	40	77
29	43	78
29	1	83
29	40	83
29	1	86
29	30	86
29	40	86
29	43	86
29	1	87
29	9	87
29	15	87
29	30	87
29	34	87
29	38	87
29	40	87
29	43	87
29	1	89
29	30	89
29	40	89
29	43	89
29	1	91
29	26	91
29	40	91
29	43	91
29	1	92
29	9	92
29	15	92
29	30	92
29	34	92
29	38	92
29	40	92
29	43	92
29	41	93
29	27	96
29	1	98
29	30	98
29	40	98
29	43	98
29	1	100
29	40	100
29	4	101
29	1	102
29	30	102
29	40	102
29	43	102
29	1	105
29	4	105
29	8	105
29	9	105
29	15	105
29	26	105
29	30	105
29	38	105
29	40	105
29	43	105
29	34	106
29	26	108
29	43	108
29	1	110
29	30	110
29	40	110
29	43	110
29	1	111
29	40	111
29	34	112
29	34	114
29	41	117
29	1	119
29	40	119
29	1	122
29	40	122
29	43	125
29	43	130
29	1	132
29	40	132
29	1	133
29	40	133
29	41	134
30	7	0
30	7	7
30	1	14
30	27	16
30	1	28
30	1	29
30	7	29
30	24	30
30	23	35
30	7	37
30	1	40
30	7	40
30	26	46
30	1	50
30	7	50
30	1	59
30	7	74
30	1	86
30	1	87
30	7	87
30	1	89
30	1	91
30	1	92
30	7	92
30	27	96
30	1	98
30	1	102
30	1	105
30	7	105
30	26	109
30	1	110
30	26	128
31	7	0
31	7	7
31	24	10
31	1	14
31	24	15
31	27	16
31	24	17
31	1	28
31	1	29
31	7	29
31	24	30
31	26	30
31	24	31
31	23	35
31	7	37
31	1	40
31	7	40
31	26	46
31	24	48
31	1	50
31	7	50
31	1	59
31	24	64
31	24	67
31	24	71
31	24	72
31	7	74
31	1	86
31	1	87
31	7	87
31	1	89
31	1	91
31	1	92
31	7	92
31	24	93
31	27	96
31	1	98
31	1	102
31	1	105
31	7	105
31	24	107
31	26	109
31	1	110
31	24	117
31	26	128
31	24	134
32	7	0
32	24	4
32	7	7
32	24	10
32	1	14
32	24	15
32	27	16
32	24	17
32	24	24
32	1	28
32	1	29
32	7	29
32	24	30
32	26	30
32	24	31
32	24	32
32	23	35
32	7	37
32	1	40
32	7	40
32	24	43
32	24	44
32	26	46
32	24	48
32	1	50
32	7	50
32	1	59
32	24	64
32	24	67
32	24	71
32	24	72
32	7	74
32	24	75
32	24	81
32	1	86
32	1	87
32	7	87
32	1	89
32	1	91
32	1	92
32	7	92
32	24	93
32	24	94
32	27	96
32	1	98
32	24	99
32	1	102
32	24	104
32	1	105
32	7	105
32	24	107
32	26	109
32	1	110
32	24	117
32	24	127
32	26	128
32	24	134
33	27	16
33	26	36
33	26	46
33	26	76
33	27	96
34	42	3
34	42	6
34	42	9
34	42	11
34	42	12
34	43	14
34	27	16
34	42	18
34	30	28
34	31	28
34	43	28
34	43	29
34	4	34
34	15	34
34	26	36
34	43	40
34	26	46
34	43	47
34	43	50
34	42	53
34	42	57
34	30	59
34	31	59
34	43	59
34	42	68
34	43	69
34	43	74
34	42	77
34	42	83
34	30	86
34	31	86
34	43	86
34	43	87
34	30	89
34	31	89
34	43	89
34	43	91
34	43	92
34	27	96
34	30	98
34	31	98
34	43	98
34	42	100
34	4	101
34	15	101
34	26	101
34	30	102
34	31	102
34	43	102
34	43	105
34	43	108
34	30	110
34	31	110
34	43	110
34	42	111
34	42	119
34	42	122
34	42	132
34	42	133
35	7	0
35	7	7
35	27	16
35	7	29
35	7	37
35	7	40
35	26	46
35	7	50
35	7	74
35	26	84
35	7	87
35	7	92
35	27	96
35	7	105
35	26	109
36	27	16
36	26	46
36	27	96
37	8	0
37	9	0
37	43	0
37	34	2
37	1	3
37	35	3
37	1	6
37	35	6
37	8	7
37	9	7
37	26	7
37	43	7
37	26	8
37	1	9
37	35	9
37	1	11
37	35	11
37	1	12
37	28	12
37	35	12
37	30	14
37	43	14
37	27	16
37	1	18
37	35	18
37	1	28
37	30	28
37	43	28
37	28	29
37	30	29
37	43	29
37	4	34
37	8	37
37	9	37
37	43	37
37	43	39
37	28	40
37	30	40
37	43	40
37	26	46
37	43	47
37	28	50
37	30	50
37	43	50
37	34	51
37	1	53
37	35	53
37	1	57
37	28	57
37	35	57
37	1	59
37	30	59
37	43	59
37	34	62
37	43	65
37	1	68
37	35	68
37	43	69
37	43	74
37	1	77
37	35	77
37	43	78
37	1	83
37	35	83
37	1	86
37	30	86
37	43	86
37	28	87
37	30	87
37	43	87
37	1	89
37	30	89
37	43	89
37	43	91
37	28	92
37	30	92
37	43	92
37	27	96
37	1	98
37	30	98
37	43	98
37	1	100
37	35	100
37	4	101
37	1	102
37	30	102
37	43	102
37	28	105
37	30	105
37	43	105
37	34	106
37	43	108
37	26	109
37	1	110
37	30	110
37	43	110
37	1	111
37	35	111
37	34	112
37	34	114
37	1	119
37	35	119
37	1	122
37	28	122
37	35	122
37	43	130
37	1	132
37	35	132
37	1	133
37	28	133
37	35	133
38	4	0
38	26	1
38	4	7
38	27	16
38	4	29
38	4	37
38	4	40
38	26	49
38	4	50
38	4	74
38	4	87
38	4	92
38	27	96
38	4	105
39	4	0
39	18	0
39	26	1
39	2	4
39	3	4
39	32	4
39	4	7
39	18	7
39	2	10
39	3	10
39	32	10
39	48	10
39	1	14
39	32	14
39	2	15
39	3	15
39	32	15
39	27	16
39	33	16
39	2	17
39	3	17
39	32	17
39	2	22
39	32	22
39	2	24
39	3	24
39	32	24
39	1	28
39	32	28
39	1	29
39	4	29
39	18	29
39	32	29
39	2	30
39	3	30
39	32	30
39	2	31
39	3	31
39	32	31
39	2	32
39	3	32
39	32	32
39	32	34
39	48	35
39	4	37
39	18	37
39	33	39
39	1	40
39	4	40
39	18	40
39	32	40
39	48	41
39	2	43
39	3	43
39	32	43
39	2	44
39	3	44
39	32	44
39	2	48
39	3	48
39	32	48
39	26	49
39	1	50
39	4	50
39	18	50
39	32	50
39	1	59
39	32	59
39	2	64
39	3	64
39	32	64
39	26	65
39	2	67
39	3	67
39	32	67
39	2	71
39	3	71
39	32	71
39	2	72
39	3	72
39	32	72
39	4	74
39	18	74
39	2	75
39	3	75
39	32	75
39	2	81
39	3	81
39	32	81
39	48	84
39	48	85
39	1	86
39	32	86
39	1	87
39	4	87
39	18	87
39	32	87
39	1	89
39	32	89
39	32	91
39	1	92
39	4	92
39	18	92
39	32	92
39	2	93
39	3	93
39	32	93
39	2	94
39	3	94
39	32	94
39	27	96
39	33	96
39	26	97
39	1	98
39	32	98
39	2	99
39	3	99
39	32	99
39	32	101
39	1	102
39	32	102
39	2	104
39	3	104
39	32	104
39	1	105
39	4	105
39	18	105
39	32	105
39	1	106
39	2	107
39	3	107
39	32	107
39	48	107
39	1	110
39	32	110
39	32	116
39	2	117
39	3	117
39	32	117
39	48	121
39	2	127
39	3	127
39	32	127
39	32	129
39	38	130
39	2	134
39	3	134
39	32	134
40	8	0
40	9	0
40	43	0
40	34	2
40	1	3
40	40	3
40	1	6
40	40	6
40	8	7
40	9	7
40	43	7
40	1	9
40	40	9
40	1	11
40	40	11
40	1	12
40	40	12
40	43	13
40	1	14
40	26	14
40	40	14
40	43	14
40	41	15
40	27	16
40	1	18
40	40	18
40	41	22
40	1	28
40	30	28
40	40	28
40	43	28
40	1	29
40	4	29
40	8	29
40	9	29
40	15	29
40	30	29
40	38	29
40	40	29
40	43	29
40	4	34
40	8	37
40	9	37
40	43	37
40	43	39
40	1	40
40	4	40
40	8	40
40	9	40
40	15	40
40	30	40
40	34	40
40	38	40
40	40	40
40	43	40
40	43	47
40	41	48
40	26	49
40	1	50
40	4	50
40	8	50
40	9	50
40	11	50
40	15	50
40	30	50
40	38	50
40	40	50
40	43	50
40	34	51
40	1	53
40	40	53
40	1	57
40	40	57
40	1	59
40	30	59
40	40	59
40	43	59
40	34	62
40	43	65
40	41	67
40	1	68
40	40	68
40	43	69
40	41	71
40	43	73
40	8	74
40	9	74
40	30	74
40	34	74
40	43	74
40	1	77
40	40	77
40	43	78
40	1	83
40	40	83
40	1	86
40	30	86
40	40	86
40	43	86
40	1	87
40	4	87
40	8	87
40	9	87
40	15	87
40	30	87
40	34	87
40	38	87
40	40	87
40	43	87
40	1	89
40	30	89
40	40	89
40	43	89
40	1	91
40	26	91
40	40	91
40	43	91
40	1	92
40	4	92
40	8	92
40	9	92
40	15	92
40	30	92
40	34	92
40	38	92
40	40	92
40	43	92
40	41	93
40	27	96
40	1	98
40	30	98
40	40	98
40	43	98
40	1	100
40	40	100
40	4	101
40	1	102
40	30	102
40	40	102
40	43	102
40	1	105
40	4	105
40	8	105
40	9	105
40	15	105
40	26	105
40	30	105
40	38	105
40	40	105
40	43	105
40	34	106
40	26	108
40	43	108
40	1	110
40	30	110
40	40	110
40	43	110
40	1	111
40	40	111
40	34	112
40	34	114
40	41	117
40	1	119
40	40	119
40	1	122
40	40	122
40	43	125
40	43	130
40	41	131
40	1	132
40	40	132
40	1	133
40	40	133
40	41	134
41	7	0
41	46	0
41	7	7
41	46	7
41	27	16
41	7	29
41	39	29
41	46	29
41	14	35
41	7	37
41	46	37
41	7	40
41	39	40
41	46	40
41	26	46
41	7	50
41	39	50
41	46	50
41	7	74
41	39	74
41	46	74
41	26	84
41	26	85
41	7	87
41	39	87
41	46	87
41	7	92
41	39	92
41	46	92
41	27	96
41	7	105
41	39	105
41	46	105
41	26	109
41	46	124
42	4	0
42	26	1
42	4	7
42	27	16
42	33	16
42	4	29
42	4	37
42	4	40
42	26	49
42	4	50
42	4	74
42	4	87
42	4	92
42	27	96
42	33	96
42	26	97
42	4	105
43	7	0
43	7	7
43	24	10
43	1	14
43	24	15
43	27	16
43	24	17
43	1	28
43	1	29
43	7	29
43	24	30
43	26	30
43	24	31
43	26	32
43	23	35
43	7	37
43	1	40
43	7	40
43	24	43
43	24	44
43	26	46
43	24	48
43	1	50
43	7	50
43	1	59
43	24	64
43	24	67
43	24	71
43	24	72
43	7	74
43	24	75
43	26	81
43	1	86
43	1	87
43	7	87
43	1	89
43	1	91
43	1	92
43	7	92
43	24	93
43	27	96
43	1	98
43	26	99
43	1	102
43	1	105
43	7	105
43	24	107
43	26	109
43	1	110
43	24	117
43	26	128
43	24	134
44	7	0
44	7	7
44	24	10
44	1	14
44	24	15
44	27	16
44	24	17
44	1	28
44	1	29
44	7	29
44	24	30
44	26	30
44	24	31
44	26	32
44	23	35
44	7	37
44	1	40
44	7	40
44	24	44
44	26	46
44	24	48
44	1	50
44	7	50
44	1	59
44	24	64
44	24	67
44	24	71
44	24	72
44	7	74
44	24	75
44	1	86
44	1	87
44	7	87
44	1	89
44	1	91
44	1	92
44	7	92
44	24	93
44	27	96
44	1	98
44	1	102
44	1	105
44	7	105
44	24	107
44	26	109
44	1	110
44	24	117
44	26	128
44	24	134
45	35	3
45	35	6
45	26	8
45	35	9
45	35	11
45	28	12
45	35	12
45	28	14
45	27	16
45	35	18
45	17	20
45	14	22
45	17	26
45	35	26
45	44	26
45	28	28
45	28	29
45	28	40
45	17	45
45	25	45
45	35	45
45	44	45
45	26	46
45	28	50
45	35	53
45	28	57
45	35	57
45	28	59
45	35	68
45	35	77
45	35	83
45	28	86
45	28	87
45	28	89
45	28	92
45	27	96
45	28	98
45	35	100
45	28	102
45	28	105
45	26	109
45	28	110
45	35	111
45	35	119
45	28	122
45	35	122
45	17	131
45	35	132
45	28	133
45	35	133
46	27	16
46	27	96
47	43	0
47	43	7
47	43	14
47	27	16
47	43	28
47	43	29
47	43	37
47	43	40
47	43	47
47	26	49
47	43	50
47	43	59
47	26	69
47	43	69
47	43	74
47	43	86
47	43	87
47	43	89
47	43	91
47	43	92
47	27	96
47	43	98
47	43	102
47	43	105
47	26	108
47	43	108
47	43	110
48	7	0
48	9	0
48	7	7
48	9	7
48	1	14
48	9	14
48	26	15
48	27	16
48	19	20
48	19	26
48	19	27
48	1	28
48	9	28
48	19	28
48	1	29
48	7	29
48	9	29
48	24	30
48	26	30
48	26	31
48	23	35
48	7	37
48	9	37
48	1	40
48	7	40
48	9	40
48	19	45
48	26	46
48	24	48
48	1	50
48	7	50
48	9	50
48	19	55
48	19	58
48	1	59
48	9	59
48	19	59
48	24	64
48	24	71
48	24	72
48	7	74
48	9	74
48	1	86
48	9	86
48	19	86
48	1	87
48	7	87
48	9	87
48	1	89
48	9	89
48	19	89
48	1	91
48	1	92
48	7	92
48	9	92
48	27	96
48	1	98
48	9	98
48	19	98
48	1	102
48	9	102
48	19	102
48	1	105
48	7	105
48	9	105
48	26	109
48	1	110
48	9	110
48	19	110
48	24	117
48	26	128
48	19	131
48	4	133
48	24	134
49	27	16
49	27	96
50	8	0
50	9	0
50	43	0
50	34	2
50	1	3
50	40	3
50	1	6
50	40	6
50	8	7
50	9	7
50	43	7
50	1	9
50	40	9
50	1	11
50	40	11
50	1	12
50	40	12
50	43	13
50	1	14
50	26	14
50	40	14
50	43	14
50	41	15
50	27	16
50	1	18
50	40	18
50	41	22
50	1	28
50	30	28
50	40	28
50	43	28
50	1	29
50	9	29
50	15	29
50	30	29
50	38	29
50	40	29
50	43	29
50	4	34
50	8	37
50	9	37
50	43	37
50	43	39
50	1	40
50	9	40
50	15	40
50	30	40
50	34	40
50	38	40
50	40	40
50	43	40
50	43	47
50	41	48
50	26	49
50	1	50
50	4	50
50	8	50
50	9	50
50	15	50
50	30	50
50	38	50
50	40	50
50	43	50
50	34	51
50	1	53
50	40	53
50	1	57
50	40	57
50	1	59
50	30	59
50	40	59
50	43	59
50	34	62
50	43	65
50	41	67
50	1	68
50	40	68
50	43	69
50	41	71
50	43	73
50	8	74
50	9	74
50	30	74
50	34	74
50	43	74
50	1	77
50	40	77
50	43	78
50	1	83
50	40	83
50	1	86
50	30	86
50	40	86
50	43	86
50	1	87
50	9	87
50	15	87
50	30	87
50	34	87
50	38	87
50	40	87
50	43	87
50	1	89
50	30	89
50	40	89
50	43	89
50	1	91
50	26	91
50	40	91
50	43	91
50	1	92
50	9	92
50	15	92
50	30	92
50	34	92
50	38	92
50	40	92
50	43	92
50	41	93
50	27	96
50	1	98
50	30	98
50	40	98
50	43	98
50	1	100
50	40	100
50	4	101
50	1	102
50	30	102
50	40	102
50	43	102
50	1	105
50	4	105
50	8	105
50	9	105
50	15	105
50	26	105
50	30	105
50	38	105
50	40	105
50	43	105
50	34	106
50	26	108
50	43	108
50	1	110
50	30	110
50	40	110
50	43	110
50	1	111
50	40	111
50	34	112
50	34	114
50	41	117
50	1	119
50	40	119
50	1	122
50	40	122
50	43	125
50	43	130
50	1	132
50	40	132
50	1	133
50	40	133
50	41	134
51	36	1
51	24	2
51	21	13
51	36	13
51	27	16
51	41	33
51	48	33
51	41	35
51	48	35
51	26	36
51	36	38
51	36	39
51	41	41
51	48	41
51	36	42
51	26	46
51	24	51
51	36	61
51	24	62
51	26	62
51	36	65
51	21	73
51	36	73
51	41	76
51	48	76
51	36	78
51	36	82
51	41	84
51	48	84
51	41	85
51	48	85
51	36	88
51	27	96
51	36	97
51	24	106
51	41	118
51	48	118
51	36	120
51	41	121
51	48	121
51	21	125
51	36	125
51	36	130
52	4	0
52	30	0
52	4	7
52	30	7
52	20	14
52	30	14
52	27	16
52	20	28
52	30	28
52	4	29
52	20	29
52	30	29
52	20	34
52	26	36
52	4	37
52	30	37
52	4	40
52	20	40
52	30	40
52	26	46
52	4	50
52	20	50
52	30	50
52	8	52
52	20	59
52	30	59
52	4	74
52	30	74
52	20	86
52	30	86
52	4	87
52	20	87
52	30	87
52	20	89
52	30	89
52	4	92
52	20	92
52	30	92
52	27	96
52	20	98
52	30	98
52	20	101
52	20	102
52	30	102
52	4	105
52	20	105
52	30	105
52	20	110
52	30	110
53	26	9
53	24	11
53	21	13
53	27	16
53	26	46
53	24	53
53	24	68
53	21	73
53	24	83
53	27	96
53	24	100
53	26	100
53	26	109
53	24	119
53	21	125
53	26	132
54	7	0
54	7	7
54	1	14
54	27	16
54	1	28
54	1	29
54	7	29
54	23	35
54	7	37
54	1	40
54	7	40
54	26	46
54	1	50
54	7	50
54	1	59
54	7	74
54	1	86
54	1	87
54	7	87
54	1	89
54	1	92
54	7	92
54	27	96
54	1	98
54	1	102
54	1	105
54	7	105
54	26	109
54	1	110
54	26	128
55	28	0
55	35	3
55	41	4
55	35	6
55	28	7
55	26	8
55	35	9
55	35	11
55	28	12
55	35	12
55	28	14
55	41	15
55	27	16
55	35	18
55	14	22
55	41	22
55	41	24
55	28	28
55	28	29
55	28	37
55	28	40
55	41	43
55	26	46
55	41	48
55	28	50
55	35	53
55	28	57
55	35	57
55	28	59
55	41	67
55	35	68
55	41	71
55	28	74
55	35	77
55	41	81
55	35	83
55	28	86
55	28	87
55	28	89
55	28	92
55	41	93
55	41	94
55	27	96
55	28	98
55	41	99
55	35	100
55	28	102
55	41	104
55	28	105
55	26	109
55	28	110
55	35	111
55	41	117
55	35	119
55	28	122
55	35	122
55	41	127
55	35	132
55	28	133
55	35	133
55	41	134
56	27	16
56	26	36
56	26	46
56	26	70
56	43	86
56	27	96
57	24	6
57	24	9
57	24	11
57	24	12
57	28	15
57	27	16
57	24	18
57	7	29
57	7	40
57	26	46
57	28	48
57	7	50
57	24	53
57	24	57
57	28	67
57	24	68
57	28	71
57	24	77
57	24	83
57	7	87
57	7	92
57	28	93
57	27	96
57	24	100
57	26	100
57	7	105
57	26	109
57	28	117
57	24	119
57	24	122
57	24	132
57	24	133
57	28	134
58	28	0
58	35	3
58	41	4
58	35	6
58	28	7
58	26	8
58	35	9
58	35	11
58	28	12
58	35	12
58	28	14
58	41	15
58	27	16
58	35	18
58	35	20
58	14	22
58	41	22
58	41	24
58	35	26
58	35	27
58	1	28
58	28	28
58	28	29
58	28	37
58	28	40
58	41	43
58	26	46
58	41	48
58	28	50
58	35	53
58	26	55
58	28	57
58	35	57
58	13	58
58	1	59
58	6	59
58	28	59
58	41	67
58	35	68
58	41	71
58	28	74
58	35	77
58	41	81
58	35	83
58	1	86
58	28	86
58	28	87
58	1	89
58	6	89
58	28	89
58	28	92
58	41	93
58	41	94
58	27	96
58	1	98
58	28	98
58	41	99
58	35	100
58	1	102
58	28	102
58	41	104
58	28	105
58	26	109
58	1	110
58	28	110
58	35	111
58	41	117
58	35	119
58	28	122
58	35	122
58	41	127
58	35	131
58	35	132
58	28	133
58	35	133
58	41	134
59	43	0
59	1	3
59	40	3
59	1	6
59	40	6
59	43	7
59	1	9
59	40	9
59	1	11
59	40	11
59	1	12
59	40	12
59	1	14
59	26	14
59	40	14
59	43	14
59	41	15
59	27	16
59	1	18
59	40	18
59	41	22
59	41	27
59	1	28
59	38	28
59	40	28
59	43	28
59	1	29
59	40	29
59	43	29
59	1	34
59	43	37
59	1	40
59	40	40
59	43	40
59	43	47
59	41	48
59	26	49
59	1	50
59	40	50
59	43	50
59	1	53
59	40	53
59	1	57
59	40	57
59	1	59
59	8	59
59	38	59
59	40	59
59	43	59
59	41	67
59	1	68
59	40	68
59	43	69
59	41	71
59	43	74
59	1	77
59	40	77
59	1	83
59	40	83
59	1	86
59	38	86
59	40	86
59	43	86
59	1	87
59	40	87
59	43	87
59	1	89
59	26	89
59	38	89
59	40	89
59	43	89
59	1	91
59	26	91
59	40	91
59	43	91
59	1	92
59	40	92
59	43	92
59	41	93
59	27	96
59	1	98
59	38	98
59	40	98
59	43	98
59	1	100
59	40	100
59	1	101
59	1	102
59	38	102
59	40	102
59	43	102
59	1	105
59	40	105
59	43	105
59	26	108
59	43	108
59	1	110
59	8	110
59	26	110
59	38	110
59	40	110
59	43	110
59	1	111
59	40	111
59	41	117
59	1	119
59	40	119
59	1	122
59	40	122
59	34	129
59	1	132
59	40	132
59	1	133
59	40	133
59	41	134
60	4	0
60	4	7
60	27	16
60	4	29
60	26	36
60	4	37
60	4	40
60	26	46
60	4	50
60	26	70
60	4	74
60	43	86
60	4	87
60	4	92
60	27	96
60	4	105
60	26	126
61	4	0
61	26	1
61	4	7
61	27	16
61	33	16
61	4	29
61	4	37
61	4	40
61	26	49
61	4	50
61	4	74
61	4	87
61	4	92
61	27	96
61	33	96
61	26	97
61	4	105
62	36	1
62	21	13
62	36	13
62	27	16
62	41	33
62	48	33
62	41	35
62	48	35
62	26	36
62	36	38
62	36	39
62	41	41
62	48	41
62	36	42
62	26	46
62	36	61
62	24	62
62	36	65
62	21	73
62	36	73
62	41	76
62	48	76
62	36	78
62	36	82
62	41	84
62	48	84
62	41	85
62	48	85
62	36	88
62	27	96
62	36	97
62	41	118
62	48	118
62	36	120
62	41	121
62	48	121
62	21	125
62	36	125
62	36	130
63	42	2
63	27	16
63	26	36
63	26	46
63	42	51
63	42	62
63	27	96
63	42	106
63	42	112
63	42	114
64	7	0
64	9	0
64	7	7
64	9	7
64	1	14
64	9	14
64	27	16
64	19	20
64	19	26
64	19	27
64	1	28
64	9	28
64	19	28
64	1	29
64	7	29
64	9	29
64	24	30
64	26	30
64	26	31
64	23	35
64	7	37
64	9	37
64	1	40
64	7	40
64	9	40
64	19	45
64	26	46
64	1	50
64	7	50
64	9	50
64	19	55
64	19	58
64	1	59
64	9	59
64	19	59
64	24	64
64	7	74
64	9	74
64	1	86
64	9	86
64	19	86
64	1	87
64	7	87
64	9	87
64	1	89
64	9	89
64	19	89
64	1	91
64	1	92
64	7	92
64	9	92
64	27	96
64	1	98
64	9	98
64	19	98
64	1	102
64	9	102
64	19	102
64	1	105
64	7	105
64	9	105
64	26	109
64	1	110
64	9	110
64	19	110
64	26	128
64	19	131
65	4	0
65	26	1
65	4	7
65	1	14
65	27	16
65	33	16
65	1	28
65	1	29
65	4	29
65	4	37
65	1	40
65	4	40
65	26	49
65	1	50
65	4	50
65	1	59
65	4	74
65	1	86
65	1	87
65	4	87
65	1	89
65	1	92
65	4	92
65	27	96
65	33	96
65	26	97
65	1	98
65	1	102
65	1	105
65	4	105
65	1	110
66	27	16
66	41	33
66	26	36
66	6	39
66	28	39
66	6	42
66	28	42
66	26	46
66	6	61
66	28	61
66	6	65
66	28	65
66	41	76
66	6	78
66	28	78
66	6	88
66	28	88
66	27	96
66	6	97
66	28	97
66	26	103
66	29	106
66	41	118
66	6	120
66	28	120
66	6	130
66	28	130
67	7	0
67	9	0
67	7	7
67	9	7
67	1	14
67	9	14
67	26	15
67	27	16
67	19	20
67	19	26
67	19	27
67	1	28
67	9	28
67	19	28
67	1	29
67	7	29
67	9	29
67	24	30
67	26	30
67	26	31
67	23	35
67	7	37
67	9	37
67	1	40
67	7	40
67	9	40
67	19	45
67	26	46
67	24	48
67	1	50
67	7	50
67	9	50
67	19	55
67	19	58
67	1	59
67	9	59
67	19	59
67	24	64
67	24	67
67	24	71
67	24	72
67	7	74
67	9	74
67	1	86
67	9	86
67	19	86
67	1	87
67	7	87
67	9	87
67	1	89
67	9	89
67	19	89
67	1	91
67	1	92
67	7	92
67	9	92
67	27	96
67	1	98
67	9	98
67	19	98
67	1	102
67	9	102
67	19	102
67	1	105
67	7	105
67	9	105
67	26	109
67	1	110
67	9	110
67	19	110
67	24	117
67	26	128
67	19	131
67	4	133
67	24	134
68	26	9
68	24	11
68	21	13
68	27	16
68	26	46
68	24	68
68	21	73
68	26	83
68	27	96
68	24	100
68	26	100
68	26	109
68	21	125
68	26	132
69	43	0
69	43	7
69	43	14
69	27	16
69	43	28
69	43	29
69	43	37
69	43	40
69	43	47
69	26	49
69	43	50
69	43	59
69	43	69
69	43	74
69	43	86
69	43	87
69	43	89
69	43	91
69	43	92
69	27	96
69	43	98
69	43	102
69	43	105
69	26	108
69	43	108
69	43	110
70	10	13
70	27	16
70	26	36
70	26	46
70	43	86
70	27	96
71	7	0
71	9	0
71	7	7
71	9	7
71	22	12
71	1	14
71	9	14
71	26	15
71	27	16
71	19	20
71	19	26
71	19	27
71	1	28
71	9	28
71	19	28
71	1	29
71	7	29
71	9	29
71	22	29
71	24	30
71	26	30
71	26	31
71	23	35
71	7	37
71	9	37
71	1	40
71	7	40
71	9	40
71	22	40
71	19	45
71	26	46
71	1	50
71	7	50
71	9	50
71	22	50
71	19	55
71	19	58
71	1	59
71	9	59
71	19	59
71	24	64
71	24	71
71	24	72
71	7	74
71	9	74
71	1	86
71	9	86
71	19	86
71	1	87
71	7	87
71	9	87
71	22	87
71	1	89
71	9	89
71	19	89
71	1	91
71	1	92
71	7	92
71	9	92
71	22	92
71	27	96
71	1	98
71	9	98
71	19	98
71	1	102
71	9	102
71	19	102
71	1	105
71	7	105
71	9	105
71	22	105
71	26	109
71	1	110
71	9	110
71	19	110
71	24	117
71	22	122
71	26	128
71	19	131
71	4	133
71	22	133
72	7	0
72	7	7
72	1	14
72	27	16
72	1	28
72	1	29
72	7	29
72	24	30
72	26	30
72	26	31
72	23	35
72	7	37
72	1	40
72	7	40
72	26	46
72	1	50
72	7	50
72	1	59
72	24	64
72	24	72
72	7	74
72	1	86
72	1	87
72	7	87
72	1	89
72	1	91
72	1	92
72	7	92
72	27	96
72	1	98
72	1	102
72	1	105
72	7	105
72	26	109
72	1	110
72	26	128
73	4	0
73	26	1
73	4	2
73	4	7
73	1	13
73	26	13
73	4	16
73	27	16
73	4	29
73	4	34
73	4	37
73	4	40
73	26	49
73	4	50
73	4	51
73	4	60
73	4	62
73	4	63
73	11	70
73	1	73
73	4	74
73	1	86
73	30	86
73	43	86
73	4	87
73	30	87
73	4	92
73	4	96
73	27	96
73	4	101
73	4	105
73	4	106
73	4	112
73	4	114
73	1	125
73	40	125
74	9	0
74	43	0
74	34	2
74	9	7
74	43	7
74	43	13
74	43	14
74	27	16
74	19	20
74	19	26
74	19	27
74	19	28
74	43	28
74	9	29
74	43	29
74	4	34
74	9	37
74	43	37
74	43	39
74	9	40
74	43	40
74	19	45
74	43	47
74	26	49
74	9	50
74	43	50
74	34	51
74	19	55
74	19	58
74	19	59
74	43	59
74	34	62
74	43	65
74	43	69
74	43	73
74	8	74
74	43	74
74	43	78
74	19	86
74	43	86
74	9	87
74	43	87
74	19	89
74	43	89
74	43	91
74	9	92
74	43	92
74	27	96
74	19	98
74	43	98
74	4	101
74	19	102
74	43	102
74	9	105
74	43	105
74	34	106
74	26	108
74	43	108
74	19	110
74	43	110
74	34	112
74	34	114
74	43	125
74	43	130
74	19	131
75	7	0
75	7	7
75	24	10
75	1	14
75	24	15
75	27	16
75	24	17
75	1	28
75	1	29
75	7	29
75	24	30
75	26	30
75	24	31
75	26	32
75	23	35
75	7	37
75	1	40
75	7	40
75	26	46
75	24	48
75	1	50
75	7	50
75	1	59
75	24	64
75	24	67
75	24	71
75	24	72
75	7	74
75	24	75
75	1	86
75	1	87
75	7	87
75	1	89
75	1	91
75	1	92
75	7	92
75	24	93
75	27	96
75	1	98
75	1	102
75	1	105
75	7	105
75	24	107
75	26	109
75	1	110
75	24	117
75	26	128
75	24	134
76	27	16
76	26	36
76	10	39
76	26	46
76	10	76
76	27	96
77	24	6
77	26	9
77	24	11
77	21	13
77	27	16
77	24	18
77	7	29
77	7	40
77	26	46
77	7	50
77	24	53
77	24	68
77	21	73
77	24	77
77	24	83
77	7	87
77	7	92
77	27	96
77	24	100
77	26	100
77	7	105
77	26	109
77	24	119
77	21	125
77	24	132
78	4	0
78	18	0
78	26	1
78	2	4
78	3	4
78	32	4
78	4	7
78	18	7
78	2	10
78	3	10
78	32	10
78	1	14
78	3	14
78	32	14
78	2	15
78	3	15
78	32	15
78	27	16
78	33	16
78	2	17
78	3	17
78	32	17
78	2	22
78	32	22
78	2	24
78	3	24
78	32	24
78	1	28
78	3	28
78	32	28
78	1	29
78	3	29
78	4	29
78	18	29
78	32	29
78	2	30
78	3	30
78	32	30
78	2	31
78	3	31
78	32	31
78	2	32
78	3	32
78	32	32
78	32	34
78	4	37
78	18	37
78	33	39
78	1	40
78	3	40
78	4	40
78	18	40
78	32	40
78	2	43
78	3	43
78	32	43
78	2	44
78	3	44
78	32	44
78	2	48
78	3	48
78	32	48
78	26	49
78	1	50
78	3	50
78	4	50
78	18	50
78	32	50
78	1	59
78	3	59
78	32	59
78	2	64
78	3	64
78	32	64
78	26	65
78	2	67
78	3	67
78	32	67
78	2	71
78	3	71
78	32	71
78	2	72
78	3	72
78	32	72
78	4	74
78	18	74
78	2	75
78	3	75
78	32	75
78	33	78
78	2	81
78	3	81
78	32	81
78	1	86
78	3	86
78	32	86
78	1	87
78	3	87
78	4	87
78	18	87
78	32	87
78	1	89
78	3	89
78	32	89
78	3	91
78	32	91
78	1	92
78	3	92
78	4	92
78	18	92
78	32	92
78	2	93
78	3	93
78	32	93
78	2	94
78	3	94
78	32	94
78	27	96
78	33	96
78	26	97
78	1	98
78	3	98
78	32	98
78	2	99
78	3	99
78	32	99
78	32	101
78	1	102
78	3	102
78	32	102
78	2	104
78	3	104
78	32	104
78	1	105
78	3	105
78	4	105
78	18	105
78	32	105
78	2	107
78	3	107
78	32	107
78	1	110
78	3	110
78	32	110
78	32	116
78	2	117
78	3	117
78	32	117
78	2	127
78	3	127
78	32	127
78	32	129
78	33	130
78	2	134
78	3	134
78	32	134
79	4	0
79	22	0
79	30	0
79	31	4
79	4	7
79	22	7
79	30	7
79	31	10
79	20	14
79	22	14
79	30	14
79	31	15
79	27	16
79	31	17
79	31	22
79	31	24
79	20	28
79	22	28
79	30	28
79	31	28
79	4	29
79	20	29
79	22	29
79	30	29
79	31	30
79	31	31
79	31	32
79	20	34
79	26	36
79	4	37
79	22	37
79	30	37
79	43	39
79	4	40
79	20	40
79	22	40
79	30	40
79	31	43
79	31	44
79	26	46
79	31	48
79	4	50
79	20	50
79	22	50
79	30	50
79	8	52
79	26	52
79	31	54
79	20	59
79	22	59
79	30	59
79	31	59
79	31	64
79	31	67
79	31	71
79	31	72
79	4	74
79	22	74
79	30	74
79	31	75
79	43	78
79	8	79
79	10	79
79	31	81
79	20	86
79	22	86
79	30	86
79	31	86
79	4	87
79	20	87
79	22	87
79	30	87
79	20	89
79	22	89
79	30	89
79	31	89
79	4	92
79	20	92
79	22	92
79	30	92
79	31	93
79	31	94
79	27	96
79	20	98
79	22	98
79	30	98
79	31	98
79	31	99
79	20	101
79	20	102
79	22	102
79	30	102
79	31	102
79	31	104
79	4	105
79	20	105
79	22	105
79	30	105
79	31	107
79	20	110
79	22	110
79	30	110
79	31	110
79	31	117
79	8	124
79	31	127
79	31	128
79	31	134
80	27	16
80	26	36
80	26	46
80	27	96
81	7	0
81	7	7
81	24	10
81	1	14
81	24	15
81	27	16
81	24	17
81	1	28
81	1	29
81	7	29
81	24	30
81	26	30
81	24	31
81	26	32
81	23	35
81	7	37
81	1	40
81	7	40
81	24	43
81	24	44
81	26	46
81	24	48
81	1	50
81	7	50
81	1	59
81	24	64
81	24	67
81	24	71
81	24	72
81	7	74
81	24	75
81	24	81
81	1	86
81	1	87
81	7	87
81	1	89
81	1	91
81	1	92
81	7	92
81	24	93
81	27	96
81	1	98
81	26	99
81	1	102
81	1	105
81	7	105
81	24	107
81	26	109
81	1	110
81	24	117
81	24	127
81	26	128
81	24	134
82	26	1
82	27	16
82	33	39
82	26	49
82	33	78
82	27	96
82	33	130
83	26	9
83	24	11
83	21	13
83	27	16
83	26	46
83	24	68
83	21	73
83	24	83
83	27	96
83	24	100
83	26	100
83	26	109
83	21	125
83	26	132
84	7	0
84	7	7
84	27	16
84	7	29
84	7	37
84	7	40
84	26	46
84	7	50
84	7	74
84	7	87
84	7	92
84	27	96
84	7	105
84	26	109
85	7	0
85	46	0
85	7	7
85	46	7
85	27	16
85	7	29
85	39	29
85	46	29
85	7	37
85	46	37
85	7	40
85	39	40
85	46	40
85	26	46
85	7	50
85	39	50
85	46	50
85	7	74
85	39	74
85	46	74
85	26	84
85	7	87
85	39	87
85	46	87
85	7	92
85	39	92
85	46	92
85	27	96
85	7	105
85	39	105
85	46	105
85	26	109
85	46	124
86	43	0
86	41	2
86	1	3
86	1	6
86	40	6
86	43	7
86	1	9
86	40	9
86	1	11
86	40	11
86	1	12
86	1	13
86	43	13
86	1	14
86	26	14
86	40	14
86	43	14
86	41	15
86	27	16
86	1	18
86	40	18
86	41	22
86	1	28
86	8	28
86	38	28
86	40	28
86	43	28
86	1	29
86	40	29
86	43	29
86	1	34
86	43	37
86	1	40
86	40	40
86	43	40
86	43	47
86	41	48
86	26	49
86	1	50
86	40	50
86	43	50
86	41	51
86	1	53
86	40	53
86	1	57
86	1	59
86	8	59
86	38	59
86	40	59
86	43	59
86	41	67
86	1	68
86	40	68
86	43	69
86	41	71
86	1	73
86	43	73
86	43	74
86	1	77
86	40	77
86	1	83
86	40	83
86	1	86
86	8	86
86	15	86
86	38	86
86	40	86
86	43	86
86	1	87
86	40	87
86	43	87
86	1	89
86	8	89
86	38	89
86	40	89
86	43	89
86	1	91
86	26	91
86	40	91
86	43	91
86	1	92
86	40	92
86	43	92
86	41	93
86	27	96
86	1	98
86	8	98
86	38	98
86	40	98
86	43	98
86	1	100
86	40	100
86	1	101
86	1	102
86	15	102
86	26	102
86	38	102
86	40	102
86	43	102
86	1	105
86	40	105
86	43	105
86	26	108
86	43	108
86	1	110
86	8	110
86	26	110
86	38	110
86	40	110
86	43	110
86	1	111
86	41	117
86	1	119
86	40	119
86	1	122
86	1	125
86	43	125
86	34	129
86	1	132
86	40	132
86	1	133
86	41	134
87	8	0
87	9	0
87	43	0
87	34	2
87	1	3
87	1	6
87	40	6
87	8	7
87	9	7
87	43	7
87	1	9
87	40	9
87	1	11
87	40	11
87	1	12
87	1	13
87	43	13
87	1	14
87	26	14
87	40	14
87	43	14
87	41	15
87	27	16
87	1	18
87	40	18
87	41	22
87	1	28
87	30	28
87	40	28
87	43	28
87	1	29
87	4	29
87	8	29
87	9	29
87	15	29
87	30	29
87	38	29
87	40	29
87	43	29
87	4	34
87	8	37
87	9	37
87	43	37
87	43	39
87	1	40
87	9	40
87	15	40
87	26	40
87	30	40
87	34	40
87	38	40
87	40	40
87	43	40
87	43	47
87	41	48
87	26	49
87	1	50
87	4	50
87	8	50
87	9	50
87	15	50
87	30	50
87	38	50
87	40	50
87	43	50
87	34	51
87	1	53
87	40	53
87	1	57
87	1	59
87	30	59
87	40	59
87	43	59
87	34	62
87	43	65
87	41	67
87	1	68
87	40	68
87	43	69
87	41	71
87	1	73
87	43	73
87	8	74
87	9	74
87	30	74
87	34	74
87	43	74
87	1	77
87	40	77
87	43	78
87	1	83
87	40	83
87	1	86
87	30	86
87	40	86
87	43	86
87	1	87
87	4	87
87	8	87
87	9	87
87	15	87
87	30	87
87	34	87
87	38	87
87	40	87
87	43	87
87	1	89
87	30	89
87	40	89
87	43	89
87	1	91
87	26	91
87	40	91
87	43	91
87	1	92
87	4	92
87	8	92
87	9	92
87	15	92
87	30	92
87	34	92
87	38	92
87	40	92
87	43	92
87	41	93
87	27	96
87	1	98
87	30	98
87	40	98
87	43	98
87	1	100
87	40	100
87	4	101
87	1	102
87	30	102
87	40	102
87	43	102
87	1	105
87	4	105
87	8	105
87	9	105
87	15	105
87	26	105
87	30	105
87	38	105
87	40	105
87	43	105
87	34	106
87	26	108
87	43	108
87	1	110
87	30	110
87	40	110
87	43	110
87	1	111
87	34	112
87	34	114
87	41	117
87	1	119
87	40	119
87	1	122
87	1	125
87	43	125
87	43	130
87	41	131
87	1	132
87	40	132
87	1	133
87	41	134
88	4	0
88	26	1
88	32	4
88	4	7
88	32	10
88	32	14
88	32	15
88	27	16
88	33	16
88	32	17
88	32	22
88	32	24
88	32	28
88	4	29
88	32	29
88	32	30
88	32	31
88	32	32
88	32	34
88	4	37
88	33	39
88	4	40
88	32	40
88	32	43
88	32	44
88	32	48
88	26	49
88	4	50
88	32	50
88	32	59
88	32	64
88	32	67
88	32	71
88	32	72
88	4	74
88	32	75
88	32	81
88	1	86
88	32	86
88	4	87
88	32	87
88	32	89
88	32	91
88	4	92
88	32	92
88	32	93
88	32	94
88	27	96
88	33	96
88	26	97
88	32	98
88	32	99
88	32	101
88	32	102
88	32	104
88	4	105
88	32	105
88	32	107
88	32	110
88	32	116
88	32	117
88	26	120
88	48	121
88	32	127
88	32	129
88	33	130
88	32	134
89	43	0
89	1	3
89	40	3
89	1	6
89	40	6
89	43	7
89	1	9
89	40	9
89	1	11
89	40	11
89	1	12
89	40	12
89	1	14
89	26	14
89	40	14
89	43	14
89	41	15
89	27	16
89	1	18
89	40	18
89	41	22
89	1	28
89	38	28
89	40	28
89	43	28
89	1	29
89	40	29
89	43	29
89	1	34
89	43	37
89	1	40
89	40	40
89	43	40
89	43	47
89	41	48
89	26	49
89	1	50
89	40	50
89	43	50
89	1	53
89	40	53
89	1	57
89	40	57
89	1	59
89	8	59
89	38	59
89	40	59
89	43	59
89	41	67
89	1	68
89	40	68
89	43	69
89	41	71
89	43	74
89	1	77
89	40	77
89	1	83
89	40	83
89	1	86
89	38	86
89	40	86
89	43	86
89	1	87
89	40	87
89	43	87
89	1	89
89	8	89
89	38	89
89	40	89
89	43	89
89	1	91
89	26	91
89	40	91
89	43	91
89	1	92
89	40	92
89	43	92
89	41	93
89	27	96
89	1	98
89	38	98
89	40	98
89	43	98
89	1	100
89	40	100
89	1	101
89	1	102
89	38	102
89	40	102
89	43	102
89	1	105
89	40	105
89	43	105
89	26	108
89	43	108
89	1	110
89	8	110
89	26	110
89	38	110
89	40	110
89	43	110
89	1	111
89	40	111
89	41	117
89	1	119
89	40	119
89	1	122
89	40	122
89	34	129
89	1	132
89	40	132
89	1	133
89	40	133
89	41	134
90	27	16
90	26	36
90	26	46
90	26	70
90	43	86
90	27	96
90	26	126
91	43	0
91	43	7
91	1	14
91	40	14
91	43	14
91	27	16
91	1	28
91	40	28
91	43	28
91	1	29
91	40	29
91	43	29
91	43	37
91	1	40
91	40	40
91	43	40
91	43	47
91	26	49
91	1	50
91	40	50
91	43	50
91	1	59
91	40	59
91	43	59
91	43	69
91	43	74
91	1	86
91	40	86
91	43	86
91	1	87
91	40	87
91	43	87
91	1	89
91	40	89
91	43	89
91	1	91
91	40	91
91	43	91
91	1	92
91	40	92
91	43	92
91	27	96
91	1	98
91	40	98
91	43	98
91	1	102
91	40	102
91	43	102
91	1	105
91	40	105
91	43	105
91	26	108
91	43	108
91	1	110
91	40	110
91	43	110
92	8	0
92	9	0
92	43	0
92	34	2
92	1	3
92	40	3
92	1	6
92	40	6
92	8	7
92	9	7
92	43	7
92	1	9
92	40	9
92	1	11
92	40	11
92	1	12
92	40	12
92	43	13
92	1	14
92	26	14
92	40	14
92	43	14
92	41	15
92	27	16
92	1	18
92	40	18
92	41	22
92	1	28
92	30	28
92	40	28
92	43	28
92	1	29
92	4	29
92	8	29
92	9	29
92	15	29
92	30	29
92	38	29
92	40	29
92	43	29
92	4	34
92	8	37
92	9	37
92	43	37
92	43	39
92	1	40
92	9	40
92	15	40
92	26	40
92	30	40
92	34	40
92	38	40
92	40	40
92	43	40
92	43	47
92	41	48
92	26	49
92	1	50
92	4	50
92	8	50
92	9	50
92	15	50
92	30	50
92	38	50
92	40	50
92	43	50
92	34	51
92	1	53
92	40	53
92	1	57
92	40	57
92	1	59
92	30	59
92	40	59
92	43	59
92	34	62
92	43	65
92	41	67
92	1	68
92	40	68
92	43	69
92	41	71
92	43	73
92	8	74
92	9	74
92	30	74
92	34	74
92	43	74
92	1	77
92	40	77
92	43	78
92	1	83
92	40	83
92	1	86
92	30	86
92	40	86
92	43	86
92	1	87
92	9	87
92	15	87
92	30	87
92	34	87
92	38	87
92	40	87
92	43	87
92	1	89
92	30	89
92	40	89
92	43	89
92	1	91
92	26	91
92	40	91
92	43	91
92	1	92
92	4	92
92	8	92
92	9	92
92	15	92
92	30	92
92	34	92
92	38	92
92	40	92
92	43	92
92	41	93
92	27	96
92	1	98
92	30	98
92	40	98
92	43	98
92	1	100
92	40	100
92	4	101
92	1	102
92	30	102
92	40	102
92	43	102
92	1	105
92	4	105
92	8	105
92	9	105
92	15	105
92	26	105
92	30	105
92	38	105
92	40	105
92	43	105
92	34	106
92	26	108
92	43	108
92	1	110
92	30	110
92	40	110
92	43	110
92	1	111
92	40	111
92	34	112
92	34	114
92	41	117
92	1	119
92	40	119
92	1	122
92	40	122
92	43	125
92	43	130
92	41	131
92	1	132
92	40	132
92	1	133
92	40	133
92	41	134
93	7	0
93	9	0
93	7	7
93	9	7
93	1	14
93	9	14
93	26	15
93	27	16
93	19	20
93	19	26
93	19	27
93	1	28
93	9	28
93	19	28
93	1	29
93	7	29
93	9	29
93	24	30
93	26	30
93	26	31
93	23	35
93	7	37
93	9	37
93	1	40
93	7	40
93	9	40
93	19	45
93	26	46
93	24	48
93	1	50
93	7	50
93	9	50
93	19	55
93	19	58
93	1	59
93	9	59
93	19	59
93	24	64
93	24	67
93	24	71
93	24	72
93	7	74
93	9	74
93	1	86
93	9	86
93	19	86
93	1	87
93	7	87
93	9	87
93	1	89
93	9	89
93	19	89
93	1	91
93	1	92
93	7	92
93	9	92
93	24	93
93	27	96
93	1	98
93	9	98
93	19	98
93	1	102
93	9	102
93	19	102
93	1	105
93	7	105
93	9	105
93	26	109
93	1	110
93	9	110
93	19	110
93	24	117
93	26	128
93	19	131
93	4	133
93	24	134
94	7	0
94	24	4
94	7	7
94	24	10
94	1	14
94	24	15
94	27	16
94	24	17
94	24	24
94	1	28
94	1	29
94	7	29
94	24	30
94	26	30
94	24	31
94	26	32
94	23	35
94	7	37
94	1	40
94	7	40
94	24	43
94	24	44
94	26	46
94	24	48
94	1	50
94	7	50
94	1	59
94	24	64
94	24	67
94	24	71
94	24	72
94	7	74
94	24	75
94	24	81
94	1	86
94	1	87
94	7	87
94	1	89
94	1	91
94	1	92
94	7	92
94	24	93
94	24	94
94	27	96
94	1	98
94	26	99
94	1	102
94	24	104
94	1	105
94	7	105
94	24	107
94	26	109
94	1	110
94	24	117
94	24	127
94	26	128
94	24	134
95	27	16
95	26	36
95	26	46
95	42	58
95	26	70
95	43	86
95	26	90
95	42	94
95	35	95
95	27	96
95	26	126
96	27	16
96	26	36
96	26	46
96	10	96
96	27	96
97	4	0
97	26	1
97	4	7
97	27	16
97	33	16
97	4	29
97	4	37
97	4	40
97	26	49
97	4	50
97	4	74
97	4	87
97	4	92
97	27	96
97	33	96
97	4	105
98	43	0
98	1	3
98	40	3
98	1	6
98	40	6
98	43	7
98	1	9
98	40	9
98	1	11
98	40	11
98	1	12
98	40	12
98	1	14
98	26	14
98	40	14
98	43	14
98	41	15
98	27	16
98	1	18
98	40	18
98	41	22
98	1	28
98	8	28
98	38	28
98	40	28
98	43	28
98	1	29
98	40	29
98	43	29
98	1	34
98	43	37
98	1	40
98	40	40
98	43	40
98	43	47
98	41	48
98	26	49
98	1	50
98	40	50
98	43	50
98	1	53
98	40	53
98	1	57
98	40	57
98	1	59
98	8	59
98	38	59
98	40	59
98	43	59
98	41	67
98	1	68
98	40	68
98	43	69
98	41	71
98	43	74
98	1	77
98	40	77
98	1	83
98	40	83
98	1	86
98	34	86
98	38	86
98	40	86
98	43	86
98	1	87
98	40	87
98	43	87
98	1	89
98	8	89
98	38	89
98	40	89
98	43	89
98	1	91
98	26	91
98	40	91
98	43	91
98	1	92
98	40	92
98	43	92
98	41	93
98	27	96
98	1	98
98	8	98
98	15	98
98	38	98
98	40	98
98	43	98
98	1	100
98	40	100
98	1	101
98	1	102
98	34	102
98	38	102
98	40	102
98	43	102
98	1	105
98	40	105
98	43	105
98	26	108
98	43	108
98	1	110
98	8	110
98	26	110
98	38	110
98	40	110
98	43	110
98	1	111
98	40	111
98	41	117
98	1	119
98	40	119
98	1	122
98	40	122
98	10	129
98	34	129
98	1	132
98	40	132
98	1	133
98	40	133
98	41	134
99	7	0
99	24	4
99	7	7
99	24	10
99	1	14
99	24	15
99	27	16
99	24	17
99	24	24
99	1	28
99	1	29
99	7	29
99	24	30
99	26	30
99	24	31
99	26	32
99	23	35
99	7	37
99	1	40
99	7	40
99	24	43
99	24	44
99	26	46
99	24	48
99	1	50
99	7	50
99	1	59
99	24	64
99	24	67
99	24	71
99	24	72
99	7	74
99	24	75
99	24	81
99	1	86
99	1	87
99	7	87
99	1	89
99	1	91
99	1	92
99	7	92
99	24	93
99	24	94
99	27	96
99	1	98
99	24	99
99	1	102
99	24	104
99	1	105
99	7	105
99	24	107
99	26	109
99	1	110
99	24	117
99	24	127
99	26	128
99	24	134
100	27	16
100	26	46
100	27	96
100	24	100
100	26	109
101	42	3
101	42	6
101	42	9
101	42	11
101	42	12
101	43	14
101	27	16
101	42	18
101	30	28
101	31	28
101	43	28
101	43	29
101	15	34
101	26	36
101	43	40
101	26	46
101	43	47
101	43	50
101	42	53
101	42	57
101	30	59
101	31	59
101	43	59
101	42	68
101	43	69
101	43	74
101	42	77
101	42	83
101	30	86
101	31	86
101	43	86
101	43	87
101	30	89
101	31	89
101	43	89
101	43	91
101	43	92
101	27	96
101	30	98
101	31	98
101	43	98
101	42	100
101	4	101
101	15	101
101	30	102
101	31	102
101	43	102
101	43	105
101	43	108
101	30	110
101	31	110
101	43	110
101	42	111
101	42	119
101	42	122
101	42	132
101	42	133
102	43	0
102	41	2
102	1	3
102	40	3
102	1	6
102	40	6
102	43	7
102	1	9
102	40	9
102	1	11
102	40	11
102	1	12
102	40	12
102	1	14
102	26	14
102	40	14
102	43	14
102	41	15
102	27	16
102	1	18
102	40	18
102	41	22
102	1	28
102	8	28
102	38	28
102	40	28
102	43	28
102	1	29
102	40	29
102	43	29
102	1	34
102	43	37
102	1	40
102	40	40
102	43	40
102	43	47
102	41	48
102	26	49
102	1	50
102	40	50
102	43	50
102	41	51
102	1	53
102	40	53
102	1	57
102	40	57
102	1	59
102	8	59
102	38	59
102	40	59
102	43	59
102	41	67
102	1	68
102	40	68
102	43	69
102	41	71
102	43	74
102	1	77
102	40	77
102	1	83
102	40	83
102	1	86
102	8	86
102	15	86
102	38	86
102	40	86
102	43	86
102	1	87
102	40	87
102	43	87
102	1	89
102	8	89
102	38	89
102	40	89
102	43	89
102	1	91
102	26	91
102	40	91
102	43	91
102	1	92
102	40	92
102	43	92
102	41	93
102	27	96
102	1	98
102	8	98
102	38	98
102	40	98
102	43	98
102	1	100
102	40	100
102	1	101
102	1	102
102	8	102
102	15	102
102	38	102
102	40	102
102	43	102
102	1	105
102	40	105
102	43	105
102	26	108
102	43	108
102	1	110
102	8	110
102	26	110
102	38	110
102	40	110
102	43	110
102	1	111
102	40	111
102	41	117
102	1	119
102	40	119
102	1	122
102	40	122
102	10	129
102	34	129
102	1	132
102	40	132
102	1	133
102	40	133
102	41	134
103	27	16
103	41	33
103	26	36
103	6	39
103	28	39
103	6	42
103	28	42
103	26	46
103	6	61
103	28	61
103	6	65
103	28	65
103	41	76
103	6	78
103	28	78
103	6	88
103	28	88
103	27	96
103	6	97
103	28	97
103	41	118
103	6	120
103	28	120
103	6	130
103	28	130
104	7	0
104	24	4
104	7	7
104	24	10
104	1	14
104	24	15
104	27	16
104	24	17
104	24	24
104	1	28
104	1	29
104	7	29
104	24	30
104	26	30
104	24	31
104	26	32
104	23	35
104	7	37
104	1	40
104	7	40
104	24	43
104	24	44
104	26	46
104	24	48
104	1	50
104	7	50
104	1	59
104	24	64
104	24	67
104	24	71
104	24	72
104	7	74
104	24	75
104	24	81
104	1	86
104	1	87
104	7	87
104	1	89
104	1	91
104	1	92
104	7	92
104	24	93
104	27	96
104	1	98
104	26	99
104	1	102
104	24	104
104	1	105
104	7	105
104	24	107
104	26	109
104	1	110
104	24	117
104	24	127
104	26	128
104	24	134
105	8	0
105	9	0
105	43	0
105	34	2
105	1	3
105	40	3
105	1	6
105	40	6
105	8	7
105	9	7
105	43	7
105	1	9
105	40	9
105	1	11
105	40	11
105	1	12
105	40	12
105	43	13
105	1	14
105	26	14
105	40	14
105	43	14
105	41	15
105	27	16
105	1	18
105	40	18
105	41	22
105	1	28
105	30	28
105	40	28
105	43	28
105	1	29
105	9	29
105	15	29
105	30	29
105	38	29
105	40	29
105	43	29
105	4	34
105	8	37
105	9	37
105	43	37
105	43	39
105	1	40
105	9	40
105	15	40
105	30	40
105	34	40
105	38	40
105	40	40
105	43	40
105	43	47
105	41	48
105	26	49
105	1	50
105	9	50
105	15	50
105	30	50
105	38	50
105	40	50
105	43	50
105	34	51
105	1	53
105	40	53
105	1	57
105	40	57
105	1	59
105	30	59
105	40	59
105	43	59
105	34	62
105	43	65
105	41	67
105	1	68
105	40	68
105	43	69
105	41	71
105	43	73
105	8	74
105	9	74
105	30	74
105	34	74
105	43	74
105	1	77
105	40	77
105	43	78
105	1	83
105	40	83
105	1	86
105	30	86
105	40	86
105	43	86
105	1	87
105	9	87
105	15	87
105	30	87
105	34	87
105	38	87
105	40	87
105	43	87
105	1	89
105	30	89
105	40	89
105	43	89
105	1	91
105	26	91
105	40	91
105	43	91
105	1	92
105	9	92
105	15	92
105	30	92
105	34	92
105	38	92
105	40	92
105	43	92
105	41	93
105	27	96
105	1	98
105	30	98
105	40	98
105	43	98
105	1	100
105	40	100
105	4	101
105	1	102
105	30	102
105	40	102
105	43	102
105	1	105
105	4	105
105	8	105
105	9	105
105	15	105
105	30	105
105	38	105
105	40	105
105	43	105
105	34	106
105	26	108
105	43	108
105	1	110
105	30	110
105	40	110
105	43	110
105	1	111
105	40	111
105	34	112
105	34	114
105	41	117
105	1	119
105	40	119
105	1	122
105	40	122
105	43	125
105	43	130
105	1	132
105	40	132
105	1	133
105	40	133
105	41	134
106	36	1
106	21	13
106	36	13
106	27	16
106	41	33
106	48	33
106	41	35
106	48	35
106	26	36
106	36	38
106	36	39
106	41	41
106	48	41
106	36	42
106	26	46
106	36	61
106	24	62
106	26	62
106	36	65
106	21	73
106	36	73
106	41	76
106	48	76
106	36	78
106	36	82
106	41	84
106	48	84
106	41	85
106	48	85
106	36	88
106	27	96
106	36	97
106	24	106
106	41	118
106	48	118
106	36	120
106	41	121
106	48	121
106	21	125
106	36	125
106	36	130
107	7	0
107	9	0
107	46	0
107	7	7
107	9	7
107	46	7
107	24	10
107	1	14
107	9	14
107	24	15
107	27	16
107	24	17
107	19	20
107	19	26
107	19	27
107	1	28
107	9	28
107	19	28
107	1	29
107	7	29
107	9	29
107	18	29
107	39	29
107	46	29
107	24	30
107	26	30
107	26	31
107	23	35
107	7	37
107	9	37
107	46	37
107	1	40
107	7	40
107	9	40
107	18	40
107	39	40
107	46	40
107	19	45
107	26	46
107	24	48
107	1	50
107	7	50
107	9	50
107	18	50
107	39	50
107	46	50
107	19	55
107	19	58
107	1	59
107	9	59
107	19	59
107	24	64
107	24	67
107	24	71
107	24	72
107	7	74
107	9	74
107	46	74
107	1	86
107	9	86
107	19	86
107	1	87
107	7	87
107	9	87
107	18	87
107	39	87
107	46	87
107	1	89
107	9	89
107	19	89
107	1	91
107	1	92
107	7	92
107	9	92
107	18	92
107	39	92
107	46	92
107	24	93
107	27	96
107	1	98
107	9	98
107	19	98
107	1	102
107	9	102
107	19	102
107	1	105
107	7	105
107	9	105
107	18	105
107	39	105
107	46	105
107	24	107
107	26	109
107	1	110
107	9	110
107	19	110
107	24	117
107	46	124
107	26	128
107	19	131
107	24	134
108	43	0
108	43	7
108	43	14
108	27	16
108	43	28
108	43	29
108	43	37
108	43	40
108	43	47
108	26	49
108	43	50
108	43	59
108	43	69
108	43	74
108	43	86
108	43	87
108	43	89
108	43	91
108	43	92
108	27	96
108	43	98
108	43	102
108	43	105
108	43	108
108	43	110
109	27	16
109	26	46
109	27	96
110	43	0
110	1	3
110	40	3
110	1	6
110	40	6
110	43	7
110	1	9
110	40	9
110	1	11
110	40	11
110	1	12
110	40	12
110	1	14
110	26	14
110	40	14
110	43	14
110	41	15
110	27	16
110	1	18
110	40	18
110	41	22
110	1	28
110	38	28
110	40	28
110	43	28
110	1	29
110	40	29
110	43	29
110	1	34
110	43	37
110	1	40
110	40	40
110	43	40
110	43	47
110	41	48
110	26	49
110	1	50
110	40	50
110	43	50
110	1	53
110	40	53
110	1	57
110	40	57
110	1	59
110	38	59
110	40	59
110	43	59
110	41	67
110	1	68
110	40	68
110	43	69
110	41	71
110	43	74
110	1	77
110	40	77
110	1	83
110	40	83
110	1	86
110	38	86
110	40	86
110	43	86
110	1	87
110	40	87
110	43	87
110	1	89
110	38	89
110	40	89
110	43	89
110	1	91
110	26	91
110	40	91
110	43	91
110	1	92
110	40	92
110	43	92
110	41	93
110	27	96
110	1	98
110	38	98
110	40	98
110	43	98
110	1	100
110	40	100
110	1	101
110	1	102
110	38	102
110	40	102
110	43	102
110	1	105
110	40	105
110	43	105
110	26	108
110	43	108
110	1	110
110	8	110
110	38	110
110	40	110
110	43	110
110	1	111
110	40	111
110	41	117
110	1	119
110	40	119
110	1	122
110	40	122
110	34	129
110	1	132
110	40	132
110	1	133
110	40	133
110	41	134
111	24	3
111	24	6
111	24	9
111	24	11
111	24	12
111	28	15
111	27	16
111	24	18
111	26	46
111	28	48
111	24	53
111	24	57
111	28	67
111	24	68
111	28	71
111	24	77
111	24	83
111	28	93
111	27	96
111	24	100
111	26	100
111	26	109
111	24	111
111	28	117
111	24	119
111	24	122
111	24	132
111	24	133
111	28	134
112	4	0
112	36	1
112	24	2
112	4	7
112	21	13
112	36	13
112	27	16
112	4	29
112	41	33
112	48	33
112	41	35
112	48	35
112	26	36
112	4	37
112	36	38
112	36	39
112	4	40
112	41	41
112	48	41
112	36	42
112	26	46
112	4	50
112	24	51
112	36	61
112	24	62
112	26	62
112	36	65
112	21	73
112	36	73
112	4	74
112	41	76
112	48	76
112	36	78
112	36	82
112	41	84
112	48	84
112	41	85
112	48	85
112	4	87
112	36	88
112	4	92
112	27	96
112	36	97
112	4	105
112	24	106
112	24	112
112	41	118
112	48	118
112	36	120
112	41	121
112	48	121
112	21	125
112	36	125
112	36	130
113	27	16
113	41	33
113	26	36
113	6	39
113	28	39
113	6	42
113	28	42
113	26	46
113	6	61
113	28	61
113	6	65
113	28	65
113	41	76
113	6	78
113	28	78
113	6	88
113	28	88
113	27	96
113	6	97
113	28	97
113	26	103
113	41	118
113	6	120
113	28	120
113	6	130
113	28	130
114	36	1
114	24	2
114	21	13
114	36	13
114	27	16
114	37	16
114	18	29
114	41	33
114	48	33
114	41	35
114	48	35
114	26	36
114	36	38
114	36	39
114	18	40
114	41	41
114	48	41
114	36	42
114	26	46
114	18	50
114	24	51
114	36	61
114	24	62
114	26	62
114	36	65
114	29	66
114	21	73
114	36	73
114	41	76
114	48	76
114	36	78
114	36	82
114	41	84
114	48	84
114	41	85
114	48	85
114	18	87
114	36	88
114	18	92
114	27	96
114	37	96
114	36	97
114	29	103
114	18	105
114	24	106
114	46	106
114	24	112
114	29	113
114	24	114
114	41	118
114	48	118
114	36	120
114	41	121
114	48	121
114	29	123
114	21	125
114	36	125
114	36	130
115	20	1
115	20	13
115	27	16
115	26	36
115	20	38
115	20	39
115	20	42
115	26	46
115	20	61
115	20	65
115	26	70
115	20	73
115	20	78
115	20	82
115	43	86
115	20	88
115	27	96
115	20	97
115	20	120
115	20	125
115	20	130
116	31	5
116	27	16
116	31	19
116	31	21
116	31	25
116	31	28
116	26	36
116	26	46
116	31	59
116	31	60
116	26	70
116	31	86
116	43	86
116	31	89
116	31	90
116	31	95
116	27	96
116	31	98
116	31	102
116	31	110
116	31	126
116	10	130
117	7	0
117	9	0
117	7	7
117	9	7
117	1	14
117	9	14
117	26	15
117	27	16
117	19	20
117	19	26
117	19	27
117	1	28
117	9	28
117	19	28
117	1	29
117	7	29
117	9	29
117	24	30
117	26	30
117	26	31
117	23	35
117	7	37
117	9	37
117	1	40
117	7	40
117	9	40
117	19	45
117	26	46
117	1	50
117	7	50
117	9	50
117	19	55
117	19	58
117	1	59
117	9	59
117	19	59
117	24	64
117	24	72
117	7	74
117	9	74
117	1	86
117	9	86
117	19	86
117	1	87
117	7	87
117	9	87
117	1	89
117	9	89
117	19	89
117	1	91
117	1	92
117	7	92
117	9	92
117	27	96
117	1	98
117	9	98
117	19	98
117	1	102
117	9	102
117	19	102
117	1	105
117	7	105
117	9	105
117	26	109
117	1	110
117	9	110
117	19	110
117	24	117
117	26	128
117	19	131
117	4	133
118	1	2
118	27	16
118	26	36
118	26	46
118	1	51
118	1	62
118	1	66
118	26	76
118	27	96
118	1	103
118	1	106
118	1	112
118	1	113
118	1	114
118	1	123
119	26	9
119	24	11
119	21	13
119	27	16
119	26	46
119	24	68
119	21	73
119	24	83
119	27	96
119	24	100
119	26	100
119	26	109
119	24	119
119	21	125
119	26	132
120	4	0
120	26	1
120	32	4
120	4	7
120	32	10
120	32	14
120	32	15
120	27	16
120	33	16
120	32	17
120	32	22
120	32	24
120	32	28
120	4	29
120	32	29
120	32	30
120	32	31
120	32	32
120	32	34
120	4	37
120	4	40
120	32	40
120	32	43
120	32	44
120	32	48
120	26	49
120	4	50
120	32	50
120	32	59
120	32	64
120	32	67
120	32	71
120	32	72
120	4	74
120	32	75
120	32	81
120	1	86
120	32	86
120	4	87
120	32	87
120	32	89
120	32	91
120	4	92
120	32	92
120	32	93
120	32	94
120	27	96
120	33	96
120	26	97
120	32	98
120	32	99
120	32	101
120	32	102
120	32	104
120	4	105
120	32	105
120	32	107
120	32	110
120	32	116
120	32	117
120	48	121
120	32	127
120	32	129
120	32	134
121	7	0
121	7	7
121	27	16
121	7	29
121	7	37
121	7	40
121	26	46
121	7	50
121	7	74
121	26	84
121	7	87
121	7	92
121	27	96
121	7	105
121	26	109
122	24	6
122	24	9
122	24	11
122	24	12
122	28	15
122	27	16
122	24	18
122	7	29
122	7	40
122	26	46
122	28	48
122	7	50
122	24	53
122	28	67
122	24	68
122	28	71
122	24	77
122	24	83
122	7	87
122	7	92
122	28	93
122	27	96
122	24	100
122	26	100
122	7	105
122	26	109
122	28	117
122	24	119
122	24	122
122	24	132
122	28	134
123	27	16
123	41	33
123	26	36
123	6	39
123	28	39
123	6	42
123	28	42
123	26	46
123	6	61
123	28	61
123	6	65
123	28	65
123	41	76
123	6	78
123	28	78
123	6	88
123	28	88
123	27	96
123	6	97
123	28	97
123	26	103
123	29	106
123	41	118
123	6	120
123	28	120
123	6	130
123	28	130
124	4	0
124	18	0
124	30	0
124	4	7
124	18	7
124	30	7
124	20	14
124	30	14
124	27	16
124	20	28
124	30	28
124	4	29
124	18	29
124	20	29
124	30	29
124	20	34
124	26	36
124	4	37
124	18	37
124	30	37
124	4	40
124	18	40
124	20	40
124	30	40
124	26	46
124	4	50
124	18	50
124	20	50
124	30	50
124	8	52
124	26	52
124	20	59
124	30	59
124	4	74
124	18	74
124	30	74
124	20	86
124	30	86
124	4	87
124	18	87
124	20	87
124	30	87
124	20	89
124	30	89
124	4	92
124	18	92
124	20	92
124	30	92
124	27	96
124	20	98
124	30	98
124	20	101
124	20	102
124	30	102
124	4	105
124	18	105
124	20	105
124	30	105
124	20	110
124	30	110
124	8	124
124	15	124
125	26	1
125	4	2
125	1	13
125	26	13
125	4	16
125	27	16
125	4	34
125	26	49
125	4	51
125	4	60
125	4	62
125	4	63
125	1	73
125	1	86
125	30	86
125	43	86
125	30	87
125	4	96
125	27	96
125	4	101
125	4	106
125	4	112
125	4	114
125	1	125
125	10	125
126	27	16
126	26	36
126	26	46
126	26	70
126	43	86
126	27	96
127	7	0
127	7	7
127	24	10
127	1	14
127	24	15
127	27	16
127	24	17
127	1	28
127	1	29
127	7	29
127	24	30
127	26	30
127	24	31
127	26	32
127	23	35
127	7	37
127	1	40
127	7	40
127	24	43
127	24	44
127	26	46
127	24	48
127	1	50
127	7	50
127	1	59
127	24	64
127	24	67
127	24	71
127	24	72
127	7	74
127	24	75
127	26	81
127	1	86
127	1	87
127	7	87
127	1	89
127	1	91
127	1	92
127	7	92
127	24	93
127	27	96
127	1	98
127	26	99
127	1	102
127	1	105
127	7	105
127	24	107
127	26	109
127	1	110
127	24	117
127	24	127
127	26	128
127	24	134
128	7	0
128	7	7
128	27	16
128	7	29
128	23	35
128	7	37
128	7	40
128	26	46
128	7	50
128	7	74
128	7	87
128	7	92
128	27	96
128	7	105
128	26	109
129	27	16
129	10	28
129	26	36
129	26	46
129	26	70
129	43	86
129	27	96
129	10	98
129	10	102
129	10	129
130	4	0
130	46	0
130	26	1
130	4	7
130	46	7
130	48	10
130	1	14
130	9	14
130	27	16
130	33	16
130	1	28
130	9	28
130	1	29
130	4	29
130	9	29
130	39	29
130	46	29
130	48	35
130	4	37
130	46	37
130	1	40
130	4	40
130	9	40
130	39	40
130	46	40
130	48	41
130	26	49
130	1	50
130	4	50
130	9	50
130	39	50
130	46	50
130	48	54
130	1	59
130	9	59
130	26	65
130	4	74
130	46	74
130	48	84
130	48	85
130	1	86
130	9	86
130	1	87
130	4	87
130	9	87
130	39	87
130	46	87
130	1	89
130	9	89
130	1	92
130	4	92
130	9	92
130	39	92
130	46	92
130	27	96
130	33	96
130	26	97
130	1	98
130	9	98
130	1	102
130	9	102
130	1	105
130	4	105
130	9	105
130	39	105
130	46	105
130	1	106
130	48	107
130	1	110
130	9	110
130	48	121
130	46	124
130	33	130
131	28	0
131	35	3
131	41	4
131	35	6
131	28	7
131	26	8
131	35	9
131	35	11
131	28	12
131	35	12
131	28	14
131	41	15
131	27	16
131	35	18
131	17	20
131	35	20
131	0	21
131	28	21
131	44	21
131	14	22
131	41	22
131	44	22
131	10	23
131	41	24
131	44	26
131	44	27
131	28	28
131	28	29
131	28	37
131	28	39
131	28	40
131	41	43
131	26	46
131	41	48
131	28	50
131	35	53
131	26	55
131	28	57
131	35	57
131	28	59
131	41	67
131	35	68
131	41	71
131	28	74
131	35	77
131	41	81
131	35	83
131	28	86
131	28	87
131	28	89
131	28	92
131	41	93
131	41	94
131	27	96
131	28	98
131	41	99
131	35	100
131	28	102
131	41	104
131	28	105
131	26	109
131	28	110
131	35	111
131	41	117
131	35	119
131	28	122
131	35	122
131	41	127
131	28	130
131	0	131
131	13	131
131	17	131
131	35	131
131	44	131
131	35	132
131	28	133
131	35	133
131	41	134
132	24	6
132	26	9
132	24	11
132	21	13
132	27	16
132	24	18
132	26	46
132	24	53
132	24	68
132	21	73
132	24	83
132	27	96
132	24	100
132	26	100
132	26	109
132	24	119
132	21	125
132	24	132
133	24	6
133	24	9
133	24	11
133	24	12
133	28	15
133	27	16
133	24	18
133	7	29
133	7	40
133	26	46
133	28	48
133	7	50
133	24	53
133	28	67
133	24	68
133	28	71
133	24	77
133	24	83
133	7	87
133	7	92
133	28	93
133	27	96
133	24	100
133	26	100
133	7	105
133	26	109
133	28	117
133	24	119
133	24	122
133	24	132
133	24	133
133	28	134
134	7	0
134	9	0
134	7	7
134	9	7
134	1	14
134	9	14
134	26	15
134	27	16
134	19	20
134	19	26
134	19	27
134	1	28
134	9	28
134	19	28
134	1	29
134	7	29
134	9	29
134	24	30
134	26	30
134	26	31
134	23	35
134	7	37
134	9	37
134	1	40
134	7	40
134	9	40
134	19	45
134	26	46
134	1	50
134	7	50
134	9	50
134	19	55
134	19	58
134	1	59
134	9	59
134	19	59
134	24	64
134	24	71
134	24	72
134	7	74
134	9	74
134	1	86
134	9	86
134	19	86
134	1	87
134	7	87
134	9	87
134	1	89
134	9	89
134	19	89
134	1	91
134	1	92
134	7	92
134	9	92
134	27	96
134	1	98
134	9	98
134	19	98
134	1	102
134	9	102
134	19	102
134	1	105
134	7	105
134	9	105
134	26	109
134	1	110
134	9	110
134	19	110
134	24	117
134	26	128
134	19	131
134	4	133
134	24	134
